# particle number concentration assuming water not removed from particles (#/cc (air)), with time changing with rows (corresponding times given in the time output file) and size bin changing with columns with size bin numbers given in the second row of the header
# 1, 2, 3, 4, 5, 6, 7, 8, 9, 10, 11, 12, 13, 14, 15, 16
0.000000000000000000e+00,0.000000000000000000e+00,0.000000000000000000e+00,0.000000000000000000e+00,0.000000000000000000e+00,0.000000000000000000e+00,0.000000000000000000e+00,0.000000000000000000e+00,0.000000000000000000e+00,0.000000000000000000e+00,0.000000000000000000e+00,0.000000000000000000e+00,0.000000000000000000e+00,0.000000000000000000e+00,0.000000000000000000e+00,0.000000000000000000e+00
0.000000000000000000e+00,0.000000000000000000e+00,0.000000000000000000e+00,0.000000000000000000e+00,0.000000000000000000e+00,0.000000000000000000e+00,0.000000000000000000e+00,0.000000000000000000e+00,0.000000000000000000e+00,0.000000000000000000e+00,0.000000000000000000e+00,0.000000000000000000e+00,0.000000000000000000e+00,0.000000000000000000e+00,0.000000000000000000e+00,0.000000000000000000e+00
0.000000000000000000e+00,0.000000000000000000e+00,0.000000000000000000e+00,0.000000000000000000e+00,0.000000000000000000e+00,0.000000000000000000e+00,0.000000000000000000e+00,0.000000000000000000e+00,0.000000000000000000e+00,0.000000000000000000e+00,0.000000000000000000e+00,0.000000000000000000e+00,0.000000000000000000e+00,0.000000000000000000e+00,0.000000000000000000e+00,0.000000000000000000e+00
0.000000000000000000e+00,0.000000000000000000e+00,0.000000000000000000e+00,0.000000000000000000e+00,0.000000000000000000e+00,0.000000000000000000e+00,0.000000000000000000e+00,0.000000000000000000e+00,0.000000000000000000e+00,0.000000000000000000e+00,0.000000000000000000e+00,0.000000000000000000e+00,0.000000000000000000e+00,0.000000000000000000e+00,0.000000000000000000e+00,0.000000000000000000e+00
0.000000000000000000e+00,0.000000000000000000e+00,0.000000000000000000e+00,0.000000000000000000e+00,0.000000000000000000e+00,0.000000000000000000e+00,0.000000000000000000e+00,0.000000000000000000e+00,0.000000000000000000e+00,0.000000000000000000e+00,0.000000000000000000e+00,0.000000000000000000e+00,0.000000000000000000e+00,0.000000000000000000e+00,0.000000000000000000e+00,0.000000000000000000e+00
0.000000000000000000e+00,0.000000000000000000e+00,0.000000000000000000e+00,0.000000000000000000e+00,0.000000000000000000e+00,0.000000000000000000e+00,0.000000000000000000e+00,0.000000000000000000e+00,0.000000000000000000e+00,0.000000000000000000e+00,0.000000000000000000e+00,0.000000000000000000e+00,0.000000000000000000e+00,0.000000000000000000e+00,0.000000000000000000e+00,0.000000000000000000e+00
1.814331014028219258e+01,0.000000000000000000e+00,0.000000000000000000e+00,0.000000000000000000e+00,0.000000000000000000e+00,0.000000000000000000e+00,0.000000000000000000e+00,0.000000000000000000e+00,0.000000000000000000e+00,0.000000000000000000e+00,0.000000000000000000e+00,0.000000000000000000e+00,0.000000000000000000e+00,0.000000000000000000e+00,0.000000000000000000e+00,0.000000000000000000e+00
1.495443214134567711e+02,1.000000000000000083e-30,1.000000000000000083e-30,1.000000000000000083e-30,1.000000000000000083e-30,1.000000000000000083e-30,1.000000000000000083e-30,1.000000000000000083e-30,1.000000000000000083e-30,1.000000000000000083e-30,1.000000000000000083e-30,1.000000000000000083e-30,1.000000000000000083e-30,1.000000000000000083e-30,1.000000000000000083e-30,1.000000000000000083e-30
6.777245996700603428e+02,1.000000000000000083e-30,1.000000000000000083e-30,1.000000000000000083e-30,1.000000000000000083e-30,1.000000000000000083e-30,1.000000000000000083e-30,1.000000000000000083e-30,1.000000000000000083e-30,1.000000000000000083e-30,1.000000000000000083e-30,1.000000000000000083e-30,1.000000000000000083e-30,1.000000000000000083e-30,1.000000000000000083e-30,1.000000000000000083e-30
2.000251428588043609e+03,1.000000000000000083e-30,1.000000000000000083e-30,1.000000000000000083e-30,1.000000000000000083e-30,1.000000000000000083e-30,1.000000000000000083e-30,1.000000000000000083e-30,1.000000000000000083e-30,1.000000000000000083e-30,1.000000000000000083e-30,1.000000000000000083e-30,1.000000000000000083e-30,1.000000000000000083e-30,1.000000000000000083e-30,1.000000000000000083e-30
4.340947747051990518e+03,1.881567213084423540e-01,1.000000000000000083e-30,1.000000000000000083e-30,1.000000000000000083e-30,1.000000000000000083e-30,1.000000000000000083e-30,1.000000000000000083e-30,1.000000000000000083e-30,1.000000000000000083e-30,1.000000000000000083e-30,1.000000000000000083e-30,1.000000000000000083e-30,1.000000000000000083e-30,1.000000000000000083e-30,1.000000000000000083e-30
3.242072095247111065e+03,4.314362129148174063e+03,1.000000000000000083e-30,1.000000000000000083e-30,1.000000000000000083e-30,1.000000000000000083e-30,1.000000000000000083e-30,1.000000000000000083e-30,1.000000000000000083e-30,1.000000000000000083e-30,1.000000000000000083e-30,1.000000000000000083e-30,1.000000000000000083e-30,1.000000000000000083e-30,1.000000000000000083e-30,1.000000000000000083e-30
6.939007769866912895e+03,4.287534038980760670e+03,1.000000000000000083e-30,1.000000000000000083e-30,1.000000000000000083e-30,1.000000000000000083e-30,1.000000000000000083e-30,1.000000000000000083e-30,1.000000000000000083e-30,1.000000000000000083e-30,1.000000000000000083e-30,1.000000000000000083e-30,1.000000000000000083e-30,1.000000000000000083e-30,1.000000000000000083e-30,1.000000000000000083e-30
1.062830632033244547e+04,1.000000000000000083e-30,4.260729315287710961e+03,1.000000000000000083e-30,1.000000000000000083e-30,1.000000000000000083e-30,1.000000000000000083e-30,1.000000000000000083e-30,1.000000000000000083e-30,1.000000000000000083e-30,1.000000000000000083e-30,1.000000000000000083e-30,1.000000000000000083e-30,1.000000000000000083e-30,1.000000000000000083e-30,1.000000000000000083e-30
1.396431227438690803e+04,5.529928796141788894e+00,4.234053680780196373e+03,1.194738705187402550e+00,1.000000000000000083e-30,1.000000000000000083e-30,1.000000000000000083e-30,1.000000000000000083e-30,1.000000000000000083e-30,1.000000000000000083e-30,1.000000000000000083e-30,1.000000000000000083e-30,1.000000000000000083e-30,1.000000000000000083e-30,1.000000000000000083e-30,1.000000000000000083e-30
2.918308113139341003e+03,1.385263769932849573e+04,4.194507292252037587e+03,1.645208094334185844e+01,5.015299459219398591e-03,1.000000000000000083e-30,1.000000000000000083e-30,1.000000000000000083e-30,1.000000000000000083e-30,1.000000000000000083e-30,1.000000000000000083e-30,1.000000000000000083e-30,1.000000000000000083e-30,1.000000000000000083e-30,1.000000000000000083e-30,1.000000000000000083e-30
5.235133378115847336e+03,1.373900043003077917e+04,1.168214438030092772e+01,4.184668559595633269e+03,1.148508438901956641e+00,3.261343849766912099e-04,1.000000000000000083e-30,1.000000000000000083e-30,1.000000000000000083e-30,1.000000000000000083e-30,1.000000000000000083e-30,1.000000000000000083e-30,1.000000000000000083e-30,1.000000000000000083e-30,1.000000000000000083e-30,1.000000000000000083e-30
7.017010878934896027e+03,1.362637764991158292e+04,2.368173217590758384e+01,4.158591669413997806e+03,2.260128502922272631e+00,1.234658153450437276e-03,4.348384843991091146e-07,1.000000000000000083e-30,1.000000000000000083e-30,1.000000000000000083e-30,1.000000000000000083e-30,1.000000000000000083e-30,1.000000000000000083e-30,1.000000000000000083e-30,1.000000000000000083e-30,1.000000000000000083e-30
8.345952410685356881e+03,1.000000000000000083e-30,1.353859277374133671e+04,1.000000000000000083e-30,4.132739523308699063e+03,3.321975874118459515e+00,8.734695363694152186e-07,1.000000000000000083e-30,1.000000000000000083e-30,1.000000000000000083e-30,1.000000000000000083e-30,1.000000000000000083e-30,1.000000000000000083e-30,1.000000000000000083e-30,1.000000000000000083e-30,1.000000000000000083e-30
9.308690518937253728e+03,3.573205849287794500e+00,1.342864247590806917e+04,1.205078550390726910e+01,4.107097805742268065e+03,4.342562749054335036e+00,1.931251656869415780e-03,5.104544774971367220e-07,1.000000000000000083e-30,1.000000000000000083e-30,1.000000000000000083e-30,1.000000000000000083e-30,1.000000000000000083e-30,1.000000000000000083e-30,1.000000000000000083e-30,1.000000000000000083e-30
7.894057147247331159e+02,9.199909777904586008e+03,1.332020858231201055e+04,2.375717663742927499e+01,4.081685474984877601e+03,5.337708343821443435e+00,4.308901954037578502e-03,3.384332320393173500e-06,1.000000000000000083e-30,1.000000000000000083e-30,1.000000000000000083e-30,1.000000000000000083e-30,1.000000000000000083e-30,1.000000000000000083e-30,1.000000000000000083e-30,1.000000000000000083e-30
1.330254636127575395e+03,9.101255977854407320e+03,1.000000000000000083e-30,1.323683626708258817e+04,4.048621780904321895e+03,1.309917275981403151e+01,1.012694608707089827e+00,2.572580182910071188e-04,1.000000000000000083e-30,1.000000000000000083e-30,1.000000000000000083e-30,1.000000000000000083e-30,1.000000000000000083e-30,1.000000000000000083e-30,1.000000000000000083e-30,1.000000000000000083e-30
1.708286686747791009e+03,9.006457994957581832e+03,5.047147033024285356e+00,1.313117933612429260e+04,4.017021269948214467e+03,3.094246245430506903e+01,1.973656926736981898e+00,9.857909361471433717e-04,3.061191216320119712e-07,1.000000000000000083e-30,1.000000000000000083e-30,1.000000000000000083e-30,1.000000000000000083e-30,1.000000000000000083e-30,1.000000000000000083e-30,1.000000000000000083e-30
1.971109536150581107e+03,8.914706314630519046e+03,1.007820945861226214e+01,1.302692065576072855e+04,1.107429722912266179e+01,4.022993621519139651e+03,2.908949223762713032e+00,2.115986254339023622e-03,1.351063010648963758e-06,1.000000000000000083e-30,1.000000000000000083e-30,1.000000000000000083e-30,1.000000000000000083e-30,1.000000000000000083e-30,1.000000000000000083e-30,1.000000000000000083e-30
2.150625983407520380e+03,8.821386762748290494e+03,1.926794575380140628e+01,1.292401272567154956e+04,2.177213932477591030e+01,3.998230135692858312e+03,3.825260340104064571e+00,3.648692776593972543e-03,3.283153113972106921e-06,1.000000000000000083e-30,1.000000000000000083e-30,1.000000000000000083e-30,1.000000000000000083e-30,1.000000000000000083e-30,1.000000000000000083e-30,1.000000000000000083e-30
2.269862612677542074e+03,2.162279737780395394e-01,8.753567066795018036e+03,1.280369211682114292e+04,5.082780338969090650e+01,3.973674746137101920e+03,4.716436053380467008e+00,1.351947379553666492e-02,8.171962177420225940e-06,1.000000000000000083e-30,1.000000000000000083e-30,1.000000000000000083e-30,1.000000000000000083e-30,1.000000000000000083e-30,1.000000000000000083e-30,1.000000000000000083e-30
2.345672613976400044e+03,4.731223830846492118e-01,8.668496686961500018e+03,1.268566727860170977e+04,7.849463489760866253e+01,3.942746500751567964e+03,1.215795936083277340e+01,3.248836872268504039e-02,2.154032621510752253e-05,2.309380158279479991e-08,1.000000000000000083e-30,1.000000000000000083e-30,1.000000000000000083e-30,1.000000000000000083e-30,1.000000000000000083e-30,1.000000000000000083e-30
8.256827616568625672e+01,2.308259270675669086e+03,8.585263278616692332e+03,4.924650984810092780e+00,1.266473038717804229e+04,3.922221728866657941e+03,1.847097956708579503e+01,9.327503050441480204e-01,2.459068731932837924e-04,8.503533982867613423e-08,1.000000000000000083e-30,1.000000000000000083e-30,1.000000000000000083e-30,1.000000000000000083e-30,1.000000000000000083e-30,1.000000000000000083e-30
1.344728727521710141e+02,2.272965206309263976e+03,8.503713906533776026e+03,9.713239181137833356e+00,1.256649131023944938e+04,3.901771054751887277e+03,2.457363600322183927e+01,1.824141926423442861e+00,8.641590017207640253e-04,4.171198115536945534e-07,1.000000000000000083e-30,1.000000000000000083e-30,1.000000000000000083e-30,1.000000000000000083e-30,1.000000000000000083e-30,1.000000000000000083e-30
1.688855903209717155e+02,2.244238931749659059e+03,8.423734602787755648e+03,1.437283905940410911e+01,1.246941094082439304e+04,3.875350700701157166e+03,3.650399315614301088e+01,2.711394432960548162e+00,1.874480758532389010e-03,1.259762677455640855e-06,1.000000000000000083e-30,1.000000000000000083e-30,1.000000000000000083e-30,1.000000000000000083e-30,1.000000000000000083e-30,1.000000000000000083e-30
1.919396344719113472e+02,2.217047820489081914e+03,8.345230044883461233e+03,1.887970618977013970e+01,1.237345352190061567e+04,3.846150775377882837e+03,5.110464296415925389e+01,3.600833813736035616e+00,3.293589943095693532e-03,2.850176941358116573e-06,1.000000000000000083e-30,1.000000000000000083e-30,1.000000000000000083e-30,1.000000000000000083e-30,1.000000000000000083e-30,1.000000000000000083e-30
2.071486879668664471e+02,2.191108382853125477e+03,8.265380127432266818e+03,2.628594560712902961e+01,1.227859372618045927e+04,9.264723205930092575e+00,3.873392817768542955e+03,4.394705902490081861e+00,1.138703242287742237e-02,1.938171874873534668e-05,1.000000000000000083e-30,1.000000000000000083e-30,1.000000000000000083e-30,1.000000000000000083e-30,1.000000000000000083e-30,1.000000000000000083e-30
2.168309104259322169e+02,2.166217634902195641e+03,3.004171550436477989e-01,8.215674816612961877e+03,1.217041363254851240e+04,3.254154650351550515e+01,3.849750871164378623e+03,5.176463928759270416e+00,2.087297894085182390e-02,2.712727779338359888e-05,1.724399790549202573e-08,1.000000000000000083e-30,1.000000000000000083e-30,1.000000000000000083e-30,1.000000000000000083e-30,1.000000000000000083e-30
2.226058080860342727e+02,2.142227815629530141e+03,5.940853246745456673e-01,8.140957230586293917e+03,1.206821664065271943e+04,5.501609731437253004e+01,3.820679444028178295e+03,1.152312773382111999e+01,3.713725348140355098e-02,4.190908905979066478e-05,5.268286766561116561e-08,1.000000000000000083e-30,1.000000000000000083e-30,1.000000000000000083e-30,1.000000000000000083e-30,1.000000000000000083e-30
2.256253542782107218e+02,2.395366516863871049e-03,2.119612577761648936e+03,8.067447366107195194e+03,1.196742895656517976e+04,6.803237616969809665e+01,3.800612316482280676e+03,1.768557699776275882e+01,6.462523502986949886e-02,1.527182204911815843e-04,1.617129339218715990e-07,1.000000000000000083e-30,1.000000000000000083e-30,1.000000000000000083e-30,1.000000000000000083e-30,1.000000000000000083e-30
2.267128702572085217e+02,4.947331602311462115e-03,2.097101424870540995e+03,7.995095696013630004e+03,1.186289393477116209e+04,8.564196122585022408e+01,3.780631663219578513e+03,2.291294221349838978e+01,8.662604544764754833e-01,1.076507157878279228e-03,1.237264010447277538e-06,1.000000000000000083e-30,1.000000000000000083e-30,1.000000000000000083e-30,1.000000000000000083e-30,1.000000000000000083e-30
4.142711898184643360e+00,2.223184531115328753e+02,2.075217307340122261e+03,7.923857366970697512e+03,1.175875553214677529e+04,1.038588149090161039e+02,3.760739557371472984e+03,2.799388550735139702e+01,1.661218040046820388e+00,1.614955621223445248e-03,1.838971444311542165e-06,1.000000000000000083e-30,1.000000000000000083e-30,1.000000000000000083e-30,1.000000000000000083e-30,1.000000000000000083e-30
6.572919119653796827e+00,2.182598372300497545e+02,2.053901815880005415e+03,7.853691313110103692e+03,4.005547642572176770e+00,1.177347784544187925e+04,3.740807918541171603e+03,3.293152804891009566e+01,2.448020442207570202e+00,2.449906194630854794e-03,8.830222407613454543e-06,1.000000000000000083e-30,1.000000000000000083e-30,1.000000000000000083e-30,1.000000000000000083e-30,1.000000000000000083e-30
8.106430752701268005e+00,2.151320620549240061e+02,2.033107666376162115e+03,7.782474929583449921e+03,1.023489977722570643e+01,1.168528094938877075e+04,3.720953156337860491e+03,3.773460877689589665e+01,3.212952287840146859e+00,1.717462608778490274e-02,2.263872778475870665e-05,1.000000000000000083e-30,1.000000000000000083e-30,1.000000000000000083e-30,1.000000000000000083e-30,1.000000000000000083e-30
9.095310111252882024e+00,2.122013481600137936e+02,2.012793950535524800e+03,7.712343277160672187e+03,1.625017587669157493e+01,1.159800043476678184e+04,3.696995209128674560e+03,4.657727271996738949e+01,3.964373994224895004e+00,3.962368485351993458e-02,4.859761149905069815e-05,2.324207367445649321e-08,1.000000000000000083e-30,1.000000000000000083e-30,1.000000000000000083e-30,1.000000000000000083e-30
9.722735716521135885e+00,2.094332064562992741e+02,1.992926699147059026e+03,7.643259192743382300e+03,2.206028143171959499e+01,1.151161845621751672e+04,3.673268239170790821e+03,5.506807470563785500e+01,4.768544665074410105e+00,6.634469316271213168e-02,9.081611847452903492e-05,7.148894156456980992e-08,1.000000000000000083e-30,1.000000000000000083e-30,1.000000000000000083e-30,1.000000000000000083e-30
9.318622248306228428e+00,2.068019392868685600e+02,1.973479305110357018e+03,7.574845525549504600e+03,2.800679239358532158e+01,1.141486794885552808e+04,3.660999803696500294e+03,6.328928401907670320e+01,5.574912544012040172e+00,9.719404689112851048e-02,1.519988394458423502e-04,1.569405543313741375e-07,1.000000000000000083e-30,1.000000000000000083e-30,1.000000000000000083e-30,1.000000000000000083e-30
1.034178063481775744e+01,2.042878557600758427e+02,1.954361114675269619e+03,3.179515549904649574e-01,7.537376233150175722e+03,1.132290520911410022e+04,3.647125932056098918e+03,7.268306652922120747e+01,6.386113321023302980e+00,1.322478360915708417e-01,2.350788062723299350e-04,2.936724469466622735e-07,1.000000000000000083e-30,1.000000000000000083e-30,1.000000000000000083e-30,1.000000000000000083e-30
1.002257933916197530e+01,2.018756657967995523e+02,1.935615094114057911e+03,6.245775056749683918e-01,7.472786715579489282e+03,1.123203300628828038e+04,3.632901779251601965e+03,8.202046301373964354e+01,7.202539132024702084e+00,1.714068354902092417e-01,5.491889417855277521e-04,5.371557833440939292e-07,1.000000000000000083e-30,1.000000000000000083e-30,1.000000000000000083e-30,1.000000000000000083e-30
9.748949170539333409e+00,1.995527079771403294e+02,2.973413192594416381e-03,1.917896220770565378e+03,7.409058793230260562e+03,1.114222608886014677e+04,1.049633693151108993e+01,3.694772403685479730e+03,1.244429278540356520e+01,1.940296620938588290e-01,4.508930077529614208e-03,5.802562162895493291e-06,1.000000000000000083e-30,1.000000000000000083e-30,1.000000000000000083e-30,1.000000000000000083e-30
9.507794035671704336e+00,4.785281537957877369e-06,1.973128342815765848e+02,1.899885768946700182e+03,7.346169723323573635e+03,1.105345943668801738e+04,2.065059058657348245e+01,3.674713093442864192e+03,1.757232125677909096e+01,2.171985276151745803e-01,4.838066824911083259e-03,7.802709989789984835e-06,1.000000000000000083e-30,1.000000000000000083e-30,1.000000000000000083e-30,1.000000000000000083e-30
1.044009752309648320e+00,9.290865576497441936e+00,1.951416390623846553e+02,1.882192544321434752e+03,7.284097670313258277e+03,1.096247329819554398e+04,3.369713325834725026e+01,3.654763427363293431e+03,2.189322818176033891e+01,9.281149854797150489e-01,5.780021849092724720e-03,1.071210823914191299e-05,1.272025539363486448e-08,1.000000000000000083e-30,1.000000000000000083e-30,1.000000000000000083e-30
8.731297919745744096e-01,9.092678844559198836e+00,1.930353318520902519e+02,1.864802326181026956e+03,7.223050891475337266e+03,1.087261411582316578e+04,4.630030994741179029e+01,3.634909416008500557e+03,2.610599229174224334e+01,1.623817530279398680e+00,1.490602597464857001e-02,1.732962159767070478e-05,1.902250800911764099e-08,1.000000000000000083e-30,1.000000000000000083e-30,1.000000000000000083e-30
7.843877641747127871e-01,8.909443661218839239e+00,1.909882214317818523e+02,1.847701763192878161e+03,7.160978049006448600e+03,1.078564717576534895e+04,5.847960436904168091e+01,3.615151604796411448e+03,3.021396723799213646e+01,2.310342402765083403e+00,2.564729254420914858e-02,2.993997605950566611e-05,3.125233397261220356e-08,1.000000000000000083e-30,1.000000000000000083e-30,1.000000000000000083e-30
7.285357217144640130e-01,8.774032107176424233e+00,1.889954617702389612e+02,1.830881513390547980e+03,7.099715752267829885e+03,1.069925587162588999e+04,7.068634069884188875e+01,3.595489990748512810e+03,3.422038029304793127e+01,2.984061019763727174e+00,4.115251398481021422e-02,5.014984370584368476e-05,5.378179660294019309e-08,1.000000000000000083e-30,1.000000000000000083e-30,1.000000000000000083e-30
6.889515764147502441e-01,8.647208951814052469e+00,1.870528923110032054e+02,1.814328405861175270e+03,7.039244111394642459e+03,1.061387532802986425e+04,8.247939425069543518e+01,3.575924195903590771e+03,3.809089052686330490e+01,3.682909059481551672e+00,5.888158127824673349e-02,7.966138108486953411e-05,9.230864276406431773e-08,1.000000000000000083e-30,1.000000000000000083e-30,1.000000000000000083e-30
6.585939925903370185e-01,8.527615371630888674e+00,1.851568946050411739e+02,1.798032502591141792e+03,6.979544433714973820e+03,4.627662985483858904e+00,1.061882541715100706e+04,3.553198874527607131e+03,4.502859822205062557e+01,4.377377344776537171e+00,7.930218775310078627e-02,1.192626220388812305e-04,5.377051596366781687e-07,1.000000000000000083e-30,1.000000000000000083e-30,1.000000000000000083e-30
6.340047415066286662e-01,8.414207550799952529e+00,1.833043658346001337e+02,1.781938144737412358e+03,6.920645053281674336e+03,9.102449478563611862e+00,1.054203150305063537e+04,3.530658489469285996e+03,5.176967895160771604e+01,5.069727602531463262e+00,1.028391368220199220e-01,1.718170698724519525e-04,1.205256482714578201e-06,1.000000000000000083e-30,1.000000000000000083e-30,1.000000000000000083e-30
6.132918939380941348e-01,8.306155508191402248e+00,1.814925485999478383e+02,1.766085094217942469e+03,6.862278855368488621e+03,1.081674946867459219e+01,1.046878706529448755e+04,3.508296972723731869e+03,5.831966421368061049e+01,5.759467057804141810e+00,1.291869813554029911e-01,3.774078410492789004e-04,2.268145026624260318e-06,1.000000000000000083e-30,1.000000000000000083e-30,1.000000000000000083e-30
5.953338187846886065e-01,8.202796628311618932e+00,1.797187853752404294e+02,1.750465659530297444e+03,6.804639338331367981e+03,1.247309289963839340e+01,1.038774409897041187e+04,3.494524206371302625e+03,6.469139763126815978e+01,6.447586019759643072e+00,1.583508750819047628e-01,6.271863805438314269e-04,5.568776989280208885e-06,1.000000000000000083e-30,1.000000000000000083e-30,1.000000000000000083e-30
5.794219411114720497e-01,8.103588367420544003e+00,1.779811458921912219e+02,1.735072223004478928e+03,6.747710246241051209e+03,1.407409581823411848e+01,1.030755974053374848e+04,3.480670229963810016e+03,7.089687533487349924e+01,7.135062131374758643e+00,1.900190624339919421e-01,1.138143178379994250e-03,1.011164642020351336e-05,1.000000000000000083e-30,1.000000000000000083e-30,1.000000000000000083e-30
1.000000000000000083e-30,8.579389614198019487e+00,1.762776762994758144e+02,1.719895117875284086e+03,6.691465287913643806e+03,1.563538461040143090e+01,1.022821870067797136e+04,3.465826420272947416e+03,7.782966064345117729e+01,7.836200978170101195e+00,2.286540424590244591e-01,4.249955424102371850e-03,1.499461080681257480e-05,1.000000000000000083e-30,1.000000000000000083e-30,1.000000000000000083e-30
1.000000000000000083e-30,8.479465039307617857e+00,1.746066478717123687e+02,1.704930780325101750e+03,2.288546167505040307e-01,6.652823647647504913e+03,1.014970241991086732e+04,3.445401801243369846e+03,9.010581672716180890e+01,8.542994547961409779e+00,2.711994618103820698e-01,7.692191833379374323e-03,2.197203915710266582e-05,1.342431207787715893e-08,1.000000000000000083e-30,1.000000000000000083e-30
1.000000000000000083e-30,1.000000000000000083e-30,8.382908063235301910e+00,1.729667010274668257e+02,1.690440561608884764e+03,6.599350814799377986e+03,1.007200033760057522e+04,3.425088690645638053e+03,9.841051202039243151e+01,1.288372139051161192e+01,3.213452892565460406e-01,1.209844350946377885e-02,3.285121201103229343e-05,3.556979335579653731e-08,1.000000000000000083e-30,1.000000000000000083e-30
1.000000000000000083e-30,1.000000000000000083e-30,8.289417275682918529e+00,1.713561917402946619e+02,1.675921049228276388e+03,6.546483913304065936e+03,9.995098517675040057e+03,3.404886693255630234e+03,1.064728431065185532e+02,1.713484597897095085e+01,3.814022716319562245e-01,1.804216268852377320e-02,5.124899250454494119e-05,7.460915501095428969e-08,1.000000000000000083e-30,1.000000000000000083e-30
1.000000000000000083e-30,1.000000000000000083e-30,8.198731178955734222e+00,1.697738176769245229e+02,1.661597615527003427e+03,6.494211341570541663e+03,9.916776435399860929e+03,3.386889354194545376e+03,1.144110063086190365e+02,2.129910063613952786e+01,4.508541775402923890e-01,2.548604065672403080e-02,7.931886079976011408e-05,1.402790468582599882e-07,1.000000000000000083e-30,1.000000000000000083e-30
1.000000000000000083e-30,1.000000000000000083e-30,8.110623835248615521e+00,1.682183827284777919e+02,1.647463204175841838e+03,6.441192695256874686e+03,9.840627211185026681e+03,3.368934193254180173e+03,1.221170385185676821e+02,2.537937716415104106e+01,5.287464324830054574e-01,3.481707049386294217e-02,1.191676440188252405e-04,2.449142978602403190e-07,1.000000000000000083e-30,1.000000000000000083e-30
1.000000000000000083e-30,1.000000000000000083e-30,8.024898875746792726e+00,1.666887928468753159e+02,1.633512980146662358e+03,6.388785266885530291e+03,9.765267025983723215e+03,3.351015624227288299e+03,1.296061918690912478e+02,2.883198242610161799e+01,1.159763842158614500e+00,4.615238181278982083e-02,1.758476461852414359e-04,4.164633606045619548e-07,1.000000000000000083e-30,1.000000000000000083e-30
1.000000000000000083e-30,1.000000000000000083e-30,7.941384655286667815e+00,1.651840440260015441e+02,1.619742351269937444e+03,6.336977380115887172e+03,9.690682464243773211e+03,3.333143798623551902e+03,1.368726240495109039e+02,3.221926717259382400e+01,1.787785940300316678e+00,5.863277210831586983e-02,3.107698450821811190e-04,7.285385885059733285e-07,1.000000000000000083e-30,1.000000000000000083e-30
1.000000000000000083e-30,1.000000000000000083e-30,7.859927783285225011e+00,1.637031759902496049e+02,1.606146854491418253e+03,6.285757809527065547e+03,9.616861224802149081e+03,8.894746065289140802e+00,3.450519264073491286e+03,3.538922663441520911e+01,2.410516232144005677e+00,7.204113208769628851e-02,4.559455562931437377e-04,1.238145604517979594e-06,1.000000000000000083e-30,1.000000000000000083e-30
1.000000000000000083e-30,1.000000000000000083e-30,7.780397334025452416e+00,1.622453498466079225e+02,1.592688306441215900e+03,6.235149685124501048e+03,9.543546299234809339e+03,1.776211363239827890e+01,3.431124861984216295e+03,3.849743244188604763e+01,3.025816593531906573e+00,8.712351707198166817e-02,6.311230392387274287e-04,1.994213858865842565e-06,1.000000000000000083e-30,1.000000000000000083e-30
1.000000000000000083e-30,1.000000000000000083e-30,7.702674700469912317e+00,1.608097618233047683e+02,1.579397870033642221e+03,6.185107293322921578e+03,9.470978096894452392e+03,2.637757715685028614e+01,3.411828724257382419e+03,4.153195904154461715e+01,3.640975986100139838e+00,1.038011502989055479e-01,8.388140520838119904e-04,3.050490080693567379e-06,1.000000000000000083e-30,1.000000000000000083e-30
1.000000000000000083e-30,1.000000000000000083e-30,7.626653713425390002e+00,1.593954913157951410e+02,1.566271881770046548e+03,6.135484621443710239e+03,9.399280097982787993e+03,3.474783757159868003e+01,3.392631488435104075e+03,4.449870129250075479e+01,4.251309376465827405e+00,1.220116138088056662e-01,1.081310755427105459e-03,4.461854806032803221e-06,1.000000000000000083e-30,1.000000000000000083e-30
1.000000000000000083e-30,1.000000000000000083e-30,7.552239169907238647e+00,1.580020155208586345e+02,1.553306495839517083e+03,6.086411983414897804e+03,9.326184381430057329e+03,4.499584408846573069e+01,3.371169012203607053e+03,4.974663429521200442e+01,4.869382076424574102e+00,1.420737871510071859e-01,1.364582236543622181e-03,7.560428885207381752e-06,1.000000000000000083e-30,1.000000000000000083e-30
1.000000000000000083e-30,1.000000000000000083e-30,7.479345144404137002e+00,1.566286785549912395e+02,1.540498196580887225e+03,6.037879628171974218e+03,9.253852825826263143e+03,5.495454727573784481e+01,3.349865277319227516e+03,5.486510320735771984e+01,5.486895262199205092e+00,1.642934044428574492e-01,1.699304559259773697e-03,1.146139092619110290e-05,1.200950854453191861e-08,1.000000000000000083e-30
1.000000000000000083e-30,1.000000000000000083e-30,7.407893852817323044e+00,1.552748647497688523e+02,1.527841892306006002e+03,5.989879812922953533e+03,9.182272871248116644e+03,5.852297659340409552e+01,3.334826333502373018e+03,5.985930592183908772e+01,6.098905299121666346e+00,1.910562788825738434e-01,3.884913824160623249e-03,1.748543807597685055e-05,3.343218237979329759e-08,1.000000000000000083e-30
1.000000000000000083e-30,1.000000000000000083e-30,7.337814563057307282e+00,1.539399947572833867e+02,1.515336122940411542e+03,5.942401576413456496e+03,9.111432317125889313e+03,6.198263995148844430e+01,3.319774241057453764e+03,6.473414678924387999e+01,6.709211255926038397e+00,2.199901875269774654e-01,6.302350348645707756e-03,2.194746874020656342e-05,7.183706967456489831e-08,1.000000000000000083e-30
1.000000000000000083e-30,1.000000000000000083e-30,7.269041982236301713e+00,1.526235162829090655e+02,1.502977777160221422e+03,5.895293381543243413e+03,1.322038759552349285e+00,9.105496398655734083e+03,3.304754579596241911e+03,6.945378383021856905e+01,7.297605753043924004e+00,2.503857892087802961e-01,9.119219330164992157e-03,2.773979900787812693e-05,1.590540531239401337e-07,1.000000000000000083e-30
1.000000000000000083e-30,1.000000000000000083e-30,1.000000000000000083e-30,1.585289988315718404e+02,1.490763957536852786e+03,5.848693663640579871e+03,2.603704061214020982e+00,9.038226171132699164e+03,3.289728838808247474e+03,7.405846462820240106e+01,7.882833710373830627e+00,2.826584666083683528e-01,1.216280891853152753e-02,4.536811858026711634e-05,2.870133684834236882e-07,1.000000000000000083e-30
1.000000000000000083e-30,1.000000000000000083e-30,1.000000000000000083e-30,1.571838152531874471e+02,1.478691657329164400e+03,5.802593357715163620e+03,3.849587207944521250e+00,8.971594524591386289e+03,3.274698954125849923e+03,7.854843339052696649e+01,8.466713269175645706e+00,3.167194760258475461e-01,1.544137159418766496e-02,6.725845525998037488e-05,6.732106221031013375e-07,1.000000000000000083e-30
1.000000000000000083e-30,1.000000000000000083e-30,1.000000000000000083e-30,1.000000000000000083e-30,1.622637005088395199e+03,5.756960615233697354e+03,5.084811136678271559e+00,8.905589684090717128e+03,3.255619992246542552e+03,8.697456899743512793e+01,9.047671245952100705e+00,3.551551394191267974e-01,1.897019680378692064e-02,9.389554229409058199e-05,1.166562286860502643e-06,1.000000000000000083e-30
1.000000000000000083e-30,1.000000000000000083e-30,1.000000000000000083e-30,1.000000000000000083e-30,1.609550502880247677e+03,5.711811397269219015e+03,6.285792735794857755e+00,8.840204986871456640e+03,3.235965806072146734e+03,9.586155491757151026e+01,9.630847314444704210e+00,3.965511966729418081e-01,2.266084598587100180e-02,2.378579749703564931e-04,1.874853427822119565e-06,1.000000000000000083e-30
1.000000000000000083e-30,1.000000000000000083e-30,1.000000000000000083e-30,1.000000000000000083e-30,1.596613128585843924e+03,5.667137874121835921e+03,7.453452082851321769e+00,8.775431907101181423e+03,3.216431301589205304e+03,1.017119212258733540e+02,1.302140555833623914e+01,4.429702433675042905e-01,2.703799179060190766e-02,4.002215960566005365e-04,2.603623428982317037e-06,1.000000000000000083e-30
1.000000000000000083e-30,1.000000000000000083e-30,1.000000000000000083e-30,1.000000000000000083e-30,1.583822055193174492e+03,1.000000000000000083e-30,5.631523179119561064e+03,8.711265577046740873e+03,3.197010856004741527e+03,1.074047419118649032e+02,1.634676529548730528e+01,4.928106510356803360e-01,3.249438240320245280e-02,5.847333173877969663e-04,3.633349466251581579e-06,1.000000000000000083e-30
1.000000000000000083e-30,1.000000000000000083e-30,1.000000000000000083e-30,1.000000000000000083e-30,1.000000000000000083e-30,1.571174527344570834e+03,5.587858426755541586e+03,8.647084151672950611e+03,3.179342884988393962e+03,1.129442598193532064e+02,1.951126718199617116e+01,6.427650465890329956e-01,3.919191218410648936e-02,8.088112666235061426e-04,5.086296959030435155e-06,1.000000000000000083e-30
1.000000000000000083e-30,1.000000000000000083e-30,1.000000000000000083e-30,1.000000000000000083e-30,1.000000000000000083e-30,1.558667886424298104e+03,5.544643785736747304e+03,8.583507121770826416e+03,3.161745697086511427e+03,1.183345765690316398e+02,2.260848463926418006e+01,8.011358681180323904e-01,4.689253404502628092e-02,1.089826369621132215e-03,7.150201403481516065e-06,1.000000000000000083e-30
1.000000000000000083e-30,1.000000000000000083e-30,1.000000000000000083e-30,1.000000000000000083e-30,1.000000000000000083e-30,1.546299561222066586e+03,5.501872269062697342e+03,8.520526133492207009e+03,3.144220017069421829e+03,1.235793787679800460e+02,2.563964298818942211e+01,9.672637312023325551e-01,5.570013129445967187e-02,1.429536373488941295e-03,1.122261502153903068e-05,1.000000000000000083e-30
1.000000000000000083e-30,1.000000000000000083e-30,1.000000000000000083e-30,1.000000000000000083e-30,1.000000000000000083e-30,1.534067061238172528e+03,5.459537061955014906e+03,8.458133021724714126e+03,3.126766521192070286e+03,1.286822396666867974e+02,2.815128177141026811e+01,1.594971752224931372e+00,6.586086850954440963e-02,1.901813965225347377e-03,1.421694976776268456e-05,1.475028434585822416e-08
1.000000000000000083e-30,1.000000000000000083e-30,1.000000000000000083e-30,1.000000000000000083e-30,1.000000000000000083e-30,1.521967972668865741e+03,5.417631515133902212e+03,8.396319802642232389e+03,3.109385839438481980e+03,1.336466240801952097e+02,3.060844068776702187e+01,2.219637316074496436e+00,7.812651279826439421e-02,2.033569972401633001e-03,1.781508638981016963e-05,3.662736405327424102e-08
1.000000000000000083e-30,1.000000000000000083e-30,1.000000000000000083e-30,1.000000000000000083e-30,1.000000000000000083e-30,1.509999954705883965e+03,5.376149138673330526e+03,8.335078667106590729e+03,3.092078557795399774e+03,1.384758929532516447e+02,3.300541741471613477e+01,2.849214190758869503e+00,9.049104481955339008e-02,2.194010128527792720e-03,2.188963408565959589e-05,6.683727363120730046e-08
1.000000000000000083e-30,1.000000000000000083e-30,1.000000000000000083e-30,1.000000000000000083e-30,1.000000000000000083e-30,1.498160736105033266e+03,5.335083596291951835e+03,8.274401974614722349e+03,3.074845220378495924e+03,1.431733075414350651e+02,3.534956615128711377e+01,3.475920174028702014e+00,1.040623787718492899e-01,2.446922661369498476e-03,2.657031762070429214e-05,1.071817361784239649e-07
1.000000000000000083e-30,1.000000000000000083e-30,1.000000000000000083e-30,1.000000000000000083e-30,1.000000000000000083e-30,1.486448111985975174e+03,5.294428699766232057e+03,8.214282247214487143e+03,3.057686331329909535e+03,1.477420334475707762e+02,3.764186495331284732e+01,4.096992454875612921e+00,1.211547405224220747e-01,2.741420427157067151e-03,3.194182612622671071e-05,2.235711777365879945e-07
1.000000000000000083e-30,1.000000000000000083e-30,1.000000000000000083e-30,1.000000000000000083e-30,1.000000000000000083e-30,1.474859940744076994e+03,5.254178403621920552e+03,8.153229139929791927e+03,3.042084868945687504e+03,1.521850927659056651e+02,3.988364160246700152e+01,4.714567685763893401e+00,1.397467339995211166e-01,3.081809223092489818e-03,3.819099382086300540e-05,3.658146114046604768e-07
1.000000000000000083e-30,1.000000000000000083e-30,1.000000000000000083e-30,1.000000000000000083e-30,1.000000000000000083e-30,1.463394141154251201e+03,5.214326800890493359e+03,8.092755652253398694e+03,3.026520573387103468e+03,1.565054181343071207e+02,4.207619382741942360e+01,5.328628646809795200e+00,1.578773455618011079e-01,5.376621811893437727e-03,4.668337513619552458e-05,5.574464852273312684e-07
1.000000000000000083e-30,1.000000000000000083e-30,1.000000000000000083e-30,1.000000000000000083e-30,1.000000000000000083e-30,1.452048689968804865e+03,5.174868116796520553e+03,8.032853879779032468e+03,3.010994774550627881e+03,1.607059129592254862e+02,4.422040278306149474e+01,5.938950105103168120e+00,1.772124912194488200e-01,7.905007674095604342e-03,5.873288744902592029e-05,7.265136459296599516e-07
1.000000000000000083e-30,1.000000000000000083e-30,1.000000000000000083e-30,1.000000000000000083e-30,1.000000000000000083e-30,1.440821612815971548e+03,5.135796710042497580e+03,7.973516131241095536e+03,2.991222406286661680e+03,9.588807128098203236e+00,2.058511516785240758e+02,6.464846512693386948e+00,2.413433118991842041e-01,9.970422068291066864e-03,7.426733883507275077e-05,1.085091259975930978e-06
1.000000000000000083e-30,1.000000000000000083e-30,1.000000000000000083e-30,1.000000000000000083e-30,1.000000000000000083e-30,1.429710999927139028e+03,5.097107055705056155e+03,7.914734794296544351e+03,2.682082274414685052e+00,2.986249047414342840e+03,2.082356594163922523e+02,7.098080897091810115e+00,3.059389008877663185e-01,1.228213307828727140e-02,9.363357557169768705e-05,1.552546060110073166e-06
1.000000000000000083e-30,1.000000000000000083e-30,1.000000000000000083e-30,1.000000000000000083e-30,1.000000000000000083e-30,1.418714987807219359e+03,5.058793749453281634e+03,7.856502435427102682e+03,5.291486484699749582e+00,2.971713452772453820e+03,2.105523128510940580e+02,7.723704258195656536e+00,3.711171781719055929e-01,1.484625717650552360e-02,1.171526059471063807e-04,2.147541166171078440e-06
1.000000000000000083e-30,1.000000000000000083e-30,1.000000000000000083e-30,1.000000000000000083e-30,1.000000000000000083e-30,1.407831761167954255e+03,5.020739111426898489e+03,7.798924181689267243e+03,7.834634604840005956e+00,2.957204812211150966e+03,2.128014675979008246e+02,8.341302418998095547e+00,4.368251957098847060e-01,1.765592712181364779e-02,1.450872800227566255e-04,2.886968358731829103e-06
1.000000000000000083e-30,1.000000000000000083e-30,1.000000000000000083e-30,1.000000000000000083e-30,1.000000000000000083e-30,1.397059551156361977e+03,4.983053207042684335e+03,7.741877653012130395e+03,1.031312226345179539e+01,2.942724409269669650e+03,2.149844914737278430e+02,8.950868448259772236e+00,5.030122137224132262e-01,2.070427359174308729e-02,1.776823386539888279e-04,3.787681161736946109e-06
1.000000000000000083e-30,1.000000000000000083e-30,1.000000000000000083e-30,1.000000000000000083e-30,1.000000000000000083e-30,1.386396633783043399e+03,4.945730904350451965e+03,7.685355934731847810e+03,1.272851857330992686e+01,2.928273446796113149e+03,2.171027203615799976e+02,9.550458268252107530e+00,5.695152988224555513e-01,2.597881245099649405e-02,2.163952538379562739e-04,4.888968586317433520e-06
1.000000000000000083e-30,1.000000000000000083e-30,1.000000000000000083e-30,1.000000000000000083e-30,1.000000000000000083e-30,1.375841328199994223e+03,4.908767178948181026e+03,7.629352247623532094e+03,1.508234694640272089e+01,2.913853081478830973e+03,2.191574605382060952e+02,1.014189744144186989e+01,6.364960239056435265e-01,3.149961019753972497e-02,2.624294080859944172e-04,6.229130214051555418e-06
1.000000000000000083e-30,1.000000000000000083e-30,1.000000000000000083e-30,1.000000000000000083e-30,1.000000000000000083e-30,1.365391995010890014e+03,4.872157110567924974e+03,7.573859943760349779e+03,1.737608683273865751e+01,2.899464425429641324e+03,2.211499895716510764e+02,1.072519617483616017e+01,7.038892039756136088e-01,3.727448881841589207e-02,3.159539883040473262e-04,7.828293384249515374e-06
1.000000000000000083e-30,1.000000000000000083e-30,1.000000000000000083e-30,1.000000000000000083e-30,1.000000000000000083e-30,1.355047034671187021e+03,4.835895879831015009e+03,7.518872502600791449e+03,1.961117539273477917e+01,2.882355294006278655e+03,2.258331128222411905e+02,1.130170067838216852e+01,7.719880398651833842e-01,4.312060914880941342e-02,5.661098959764192208e-04,9.826293222255795930e-06
1.000000000000000083e-30,1.000000000000000083e-30,1.000000000000000083e-30,1.000000000000000083e-30,1.000000000000000083e-30,1.344804886053709197e+03,4.799978762697215643e+03,7.464383519421313395e+03,2.178900896454712210e+01,2.865344255370677729e+03,2.303515789760472501e+02,1.190948945614053756e+01,8.410822947289567919e-01,4.923779149648732645e-02,8.388073046032906233e-04,1.235419231607015878e-05
1.000000000000000083e-30,1.000000000000000083e-30,1.000000000000000083e-30,1.000000000000000083e-30,1.000000000000000083e-30,1.334664031408407254e+03,4.764401183646498794e+03,9.940345045265484847e-02,7.434202509715732958e+03,2.848427471273897481e+03,2.347512539278194481e+02,1.250608769964805944e+01,9.106618272971266359e-01,5.536175696203544938e-02,1.370485216606243855e-03,1.558889606793546591e-05
1.000000000000000083e-30,1.000000000000000083e-30,1.000000000000000083e-30,1.000000000000000083e-30,1.000000000000000083e-30,1.324622976423129103e+03,4.729158561918379746e+03,1.961837584215603558e-01,7.382666666663986689e+03,2.831178346632646480e+03,2.394583481476806242e+02,1.309669048280960979e+01,9.809423872177438497e-01,6.185579262376272869e-02,1.973905226136110028e-03,1.970956001329808089e-05
1.000000000000000083e-30,1.000000000000000083e-30,1.000000000000000083e-30,1.000000000000000083e-30,1.000000000000000083e-30,1.314680266919903261e+03,4.694246452701334420e+03,2.905660216895636916e-01,7.330496702232146163e+03,2.815099256834672815e+03,2.420832541490941878e+02,1.563265662245438392e+01,1.053174523407154117e+00,6.882381711000019886e-02,2.637482393358459541e-03,2.487205273956044193e-05
1.000000000000000083e-30,1.000000000000000083e-30,1.000000000000000083e-30,1.000000000000000083e-30,1.000000000000000083e-30,1.304834481366902537e+03,4.659660494328479217e+03,3.826055531817712518e-01,7.278777430943630861e+03,2.799099948112328093e+03,2.446237414822886080e+02,1.811807493486936238e+01,1.128283444576247962e+00,7.646959721039320312e-02,3.382503672464712199e-03,3.126489648395578639e-05
1.000000000000000083e-30,1.000000000000000083e-30,1.000000000000000083e-30,1.000000000000000083e-30,1.000000000000000083e-30,1.295084231020032348e+03,4.625396414010600893e+03,4.723562162863662595e-01,7.227503556184025001e+03,2.783180429463574001e+03,2.470817263062129427e+02,2.055376643710771134e+01,1.206096705270247149e+00,8.476853037446688277e-02,4.210039543872170012e-03,3.900720553391658145e-05
1.000000000000000083e-30,1.000000000000000083e-30,1.000000000000000083e-30,1.000000000000000083e-30,1.000000000000000083e-30,1.000000000000000083e-30,5.876940099178136734e+03,4.689103179499343188e-01,7.176770220320846420e+03,2.767328775123849937e+03,2.494493587996006738e+02,2.277215869431291750e+01,1.453587243772221038e+00,9.376406682248640545e-02,5.157240863306447598e-03,4.837539094869319479e-05
1.000000000000000083e-30,1.000000000000000083e-30,1.000000000000000083e-30,1.000000000000000083e-30,1.000000000000000083e-30,1.000000000000000083e-30,5.833803265671532245e+03,4.654959037602282579e-01,7.126469253635305904e+03,2.751557402067915064e+03,2.517386927508417216e+02,2.494360652949406898e+01,1.702098462467807494e+00,1.035403609848245532e-01,6.229395275777397864e-03,5.972763364496504938e-05
1.000000000000000083e-30,1.000000000000000083e-30,1.000000000000000083e-30,1.000000000000000083e-30,1.000000000000000083e-30,1.000000000000000083e-30,5.791065181630571715e+03,4.621125756963126996e-01,7.076595766279674535e+03,2.735865880117731194e+03,2.539517492651308714e+02,2.706893320836663719e+01,1.951437017513081962e+00,1.140675785141944537e-01,7.426086627757413905e-03,7.327805406954587711e-05
1.000000000000000083e-30,1.000000000000000083e-30,1.000000000000000083e-30,1.000000000000000083e-30,1.000000000000000083e-30,1.000000000000000083e-30,5.748720719266514607e+03,4.587599405016982157e-01,7.027144881469488610e+03,2.720254463991685043e+03,2.560899139032414951e+02,2.914895233393395557e+01,2.201418620218885014e+00,1.253164974790989816e-01,8.746705968841840539e-03,8.923236845203242273e-05
1.000000000000000083e-30,1.000000000000000083e-30,1.000000000000000083e-30,1.000000000000000083e-30,1.000000000000000083e-30,1.000000000000000083e-30,5.706764839149735963e+03,4.554376122569168683e-01,6.978111800703641165e+03,2.704723069704844875e+03,2.581548602047625991e+02,3.118446265887561353e+01,2.451867012541953272e+00,1.372584900487187343e-01,1.019046209415872331e-02,1.077886779121579874e-04
1.000000000000000083e-30,1.000000000000000083e-30,1.000000000000000083e-30,1.000000000000000083e-30,1.000000000000000083e-30,1.000000000000000083e-30,5.665192595234748296e+03,4.521452122336783730e-01,6.929491803711791363e+03,2.689271601131176340e+03,2.601481045716318476e+02,3.285371465066970131e+01,3.025052252284378795e+00,1.500353038521586024e-01,1.175700609176606390e-02,1.665976928657304649e-04
1.000000000000000083e-30,1.000000000000000083e-30,1.000000000000000083e-30,1.000000000000000083e-30,1.000000000000000083e-30,1.000000000000000083e-30,5.623999132685763470e+03,4.488823686975720317e-01,6.881280246697855546e+03,2.673899950463851383e+03,2.620713614893256818e+02,3.448640871660320073e+01,3.591578963645932099e+00,1.637724829078944233e-01,1.351492631790377971e-02,2.322256439287644970e-04
1.000000000000000083e-30,1.000000000000000083e-30,1.000000000000000083e-30,1.000000000000000083e-30,1.000000000000000083e-30,1.000000000000000083e-30,1.000000000000000083e-30,5.583625347705074091e+03,6.833472814762786584e+03,2.658608039239406935e+03,2.639260043739590742e+02,3.608307854297671469e+01,4.151418870153601226e+00,1.784276559770808235e-01,1.546016631278465323e-02,3.051598841860983036e-04
1.000000000000000083e-30,1.000000000000000083e-30,1.000000000000000083e-30,1.000000000000000083e-30,1.000000000000000083e-30,1.000000000000000083e-30,1.000000000000000083e-30,5.543172044513766195e+03,6.786064751343180433e+03,2.643395696590520402e+03,2.657137416292636658e+02,3.764447632728617066e+01,4.704548419229328537e+00,1.939595588964364015e-01,1.758859917230974276e-02,3.858538695484414640e-04
1.000000000000000083e-30,1.000000000000000083e-30,1.000000000000000083e-30,1.000000000000000083e-30,1.000000000000000083e-30,1.000000000000000083e-30,1.000000000000000083e-30,5.503083509877706092e+03,6.739051631489571264e+03,2.628262782577970484e+03,2.674360578731204896e+02,3.917122607244164101e+01,5.250948479945662051e+00,2.103280696158341123e-01,1.989604617317116200e-02,4.747263832977858936e-04
1.000000000000000083e-30,1.000000000000000083e-30,1.000000000000000083e-30,1.000000000000000083e-30,1.000000000000000083e-30,1.000000000000000083e-30,1.000000000000000083e-30,5.463355230245831990e+03,6.692429099804018733e+03,2.613209147472283803e+03,2.690944031506161878e+02,4.066394035117077976e+01,5.765741938827095403e+00,2.523334073188028270e-01,2.239364665576265567e-02,5.758197791929585115e-04
1.000000000000000083e-30,1.000000000000000083e-30,1.000000000000000083e-30,1.000000000000000083e-30,1.000000000000000083e-30,1.000000000000000083e-30,1.000000000000000083e-30,5.423982772102190211e+03,6.646192868873183215e+03,2.598234632164540926e+03,2.706901938915867731e+02,4.212322054608002020e+01,6.273261622408352167e+00,2.955792886915210582e-01,2.508885681268543943e-02,6.925774160100816278e-04
1.000000000000000083e-30,1.000000000000000083e-30,1.000000000000000083e-30,1.000000000000000083e-30,1.000000000000000083e-30,1.000000000000000083e-30,1.000000000000000083e-30,5.384961779981395921e+03,6.598858005192828386e+03,2.584819413007922321e+03,2.722247540000659569e+02,4.354993231334007220e+01,6.712978421795584794e+00,4.006639315332737317e-01,2.801418348459824847e-02,8.341907765021874810e-04
1.000000000000000083e-30,1.000000000000000083e-30,1.000000000000000083e-30,1.000000000000000083e-30,1.000000000000000083e-30,1.000000000000000083e-30,1.000000000000000083e-30,5.346287973892917762e+03,6.551935365029663444e+03,2.571447894163441561e+03,2.736993872119620050e+02,4.494492633768221879e+01,7.146294925377385532e+00,5.062786904320991654e-01,3.117035248971196729e-02,1.027772389743739816e-03
1.000000000000000083e-30,1.000000000000000083e-30,1.000000000000000083e-30,1.000000000000000083e-30,1.000000000000000083e-30,1.000000000000000083e-30,1.000000000000000083e-30,5.307957148655284072e+03,6.505420135692591430e+03,2.558120647517617726e+03,2.751154185908654313e+02,4.630874467609369560e+01,7.573239248830856418e+00,6.123493898532067492e-01,3.470617231848253936e-02,1.119963510292346868e-03
1.000000000000000083e-30,1.000000000000000083e-30,1.000000000000000083e-30,1.000000000000000083e-30,1.000000000000000083e-30,1.000000000000000083e-30,1.000000000000000083e-30,5.269965171531167471e+03,6.459307583462446019e+03,2.541450840379642614e+03,2.798606131964867245e+02,4.764182310106436802e+01,7.994467889629584434e+00,7.191695430200628625e-01,3.850938008318469802e-02,1.222910370516352204e-03
1.000000000000000083e-30,1.000000000000000083e-30,1.000000000000000083e-30,1.000000000000000083e-30,1.000000000000000083e-30,1.000000000000000083e-30,1.000000000000000083e-30,5.232307982249433735e+03,6.413593057121182937e+03,2.524904178293325458e+03,2.844702402704944575e+02,4.894456549709406801e+01,8.410595477401415110e+00,8.270223209096548844e-01,4.258082083496628895e-02,1.337171255166370301e-03
1.000000000000000083e-30,1.000000000000000083e-30,1.000000000000000083e-30,1.000000000000000083e-30,1.000000000000000083e-30,1.000000000000000083e-30,1.000000000000000083e-30,5.194981587562464483e+03,6.368271974737722303e+03,2.508479538579508699e+03,2.876476731445384871e+02,5.151669962189559726e+01,8.821565571431889907e+00,9.361756515298128578e-01,4.672159492235537781e-02,1.671790551492463063e-03
1.000000000000000083e-30,1.000000000000000083e-30,1.000000000000000083e-30,1.000000000000000083e-30,1.000000000000000083e-30,1.000000000000000083e-30,1.000000000000000083e-30,5.157982061788280589e+03,6.323339829182343237e+03,2.492175813324849514e+03,2.907246582420848995e+02,5.402956011531443892e+01,9.227313492522313254e+00,1.046871836149554591e+00,5.112733793599960608e-02,2.042058352309618786e-03
1.000000000000000083e-30,1.000000000000000083e-30,1.000000000000000083e-30,1.000000000000000083e-30,1.000000000000000083e-30,1.000000000000000083e-30,1.000000000000000083e-30,5.121305544811569234e+03,6.278792184168306449e+03,2.475991907644803177e+03,2.937033996763325376e+02,5.648428240332252415e+01,9.627822214026126701e+00,1.158985605238748828e+00,5.579287336731526825e-02,2.448263833504354080e-03
1.000000000000000083e-30,1.000000000000000083e-30,1.000000000000000083e-30,1.000000000000000083e-30,1.000000000000000083e-30,1.000000000000000083e-30,1.000000000000000083e-30,5.084948240751406956e+03,6.234624673881334274e+03,2.459926740196613537e+03,2.965860507201772407e+02,5.873110382982030586e+01,1.017391090581170054e+01,1.272421046678664736e+00,6.072841951585909032e-02,2.890985527041287778e-03
1.000000000000000083e-30,1.000000000000000083e-30,1.000000000000000083e-30,1.000000000000000083e-30,1.000000000000000083e-30,1.000000000000000083e-30,1.000000000000000083e-30,5.048906434096453268e+03,6.190833065811591041e+03,2.443979281440760587e+03,4.873023390476411087e+00,3.554312751237276302e+02,1.074477078778550876e+01,1.349029021594330136e+00,6.927039595553140250e-02,3.619062212230851963e-03
1.000000000000000083e-30,1.000000000000000083e-30,1.000000000000000083e-30,1.000000000000000083e-30,1.000000000000000083e-30,1.000000000000000083e-30,1.000000000000000083e-30,5.013176433431703117e+03,6.147413060639337345e+03,2.428148434799300048e+03,7.869181557424937523e+00,3.572732597998845563e+02,1.131069571539280894e+01,1.425445763321483650e+00,7.795848380435634051e-02,4.390618805952537992e-03
1.000000000000000083e-30,1.000000000000000083e-30,1.000000000000000083e-30,1.000000000000000083e-30,1.000000000000000083e-30,1.000000000000000083e-30,1.000000000000000083e-30,4.977754627148166946e+03,6.104360495467200053e+03,2.412433158370651199e+03,1.079709846210171875e+01,3.590422466769920220e+02,1.187000105324946375e+01,1.501732332933477743e+00,8.680933662391757122e-02,5.205639457859487923e-03
1.000000000000000083e-30,1.000000000000000083e-30,1.000000000000000083e-30,1.000000000000000083e-30,1.000000000000000083e-30,1.000000000000000083e-30,1.000000000000000083e-30,4.942637461881978197e+03,6.061671271421188976e+03,2.396832422555939957e+03,1.365816149489875286e+01,3.607398052782972968e+02,1.242264326669592478e+01,1.577859145841156385e+00,9.581570028293058539e-02,6.063554043590041812e-03
1.000000000000000083e-30,1.000000000000000083e-30,1.000000000000000083e-30,1.000000000000000083e-30,1.000000000000000083e-30,1.000000000000000083e-30,1.000000000000000083e-30,4.907821446192123403e+03,6.019341362947327980e+03,1.204808988430998706e+00,2.396595683573119913e+03,3.623750330770114374e+02,1.296027159961973041e+01,1.653765760681082941e+00,1.049690304484854342e-01,6.963550496183297349e-03
1.000000000000000083e-30,1.000000000000000083e-30,1.000000000000000083e-30,1.000000000000000083e-30,1.000000000000000083e-30,1.000000000000000083e-30,1.000000000000000083e-30,4.873303135140326958e+03,5.977366785831897687e+03,2.380960571029258510e+00,2.382777092973085928e+03,3.639430122825296507e+02,1.348993818508612641e+01,1.722229384579119005e+00,1.214933074692426673e-01,7.909388120506089317e-03
1.000000000000000083e-30,1.000000000000000083e-30,1.000000000000000083e-30,1.000000000000000083e-30,1.000000000000000083e-30,1.000000000000000083e-30,1.000000000000000083e-30,4.839079143790777380e+03,5.935743627452370674e+03,3.530548228672017341e+00,2.369034254079575476e+03,3.654448372659733764e+02,1.401155393727652410e+01,1.790266429026026174e+00,1.383131732540435199e-01,8.904657092063420973e-03
1.000000000000000083e-30,1.000000000000000083e-30,1.000000000000000083e-30,1.000000000000000083e-30,1.000000000000000083e-30,1.000000000000000083e-30,1.000000000000000083e-30,4.805146140455782188e+03,5.894468033941958311e+03,4.654105360638467914e+00,2.355366896080731749e+03,3.668819067778598537e+02,1.452516047736568972e+01,1.857859514473579221e+00,1.554125095873573892e-01,9.948340176461791320e-03
1.000000000000000083e-30,1.000000000000000083e-30,1.000000000000000083e-30,1.000000000000000083e-30,1.000000000000000083e-30,1.000000000000000083e-30,1.000000000000000083e-30,4.771500845831898914e+03,5.853536209443756889e+03,5.752153741711947710e+00,2.341772337625837736e+03,3.670178150157752270e+02,1.627033594763161162e+01,1.925171367760308616e+00,1.732119617684236834e-01,1.105825691154435284e-02
1.000000000000000083e-30,1.000000000000000083e-30,1.000000000000000083e-30,1.000000000000000083e-30,1.000000000000000083e-30,1.000000000000000083e-30,1.000000000000000083e-30,4.738140031547919534e+03,5.812944414332328961e+03,6.825203805624664000e+00,2.328252246214669412e+03,3.671178804359298624e+02,1.798063405018336880e+01,1.992343903343410494e+00,1.921007696800452469e-01,1.225267085023761839e-02
1.000000000000000083e-30,1.000000000000000083e-30,1.000000000000000083e-30,1.000000000000000083e-30,1.000000000000000083e-30,1.000000000000000083e-30,1.000000000000000083e-30,4.705060519666998516e+03,5.772688965090924285e+03,7.873754929417668080e+00,2.314806362410302427e+03,3.671829313138906628e+02,1.965661750586451362e+01,2.059345075585573337e+00,2.120263587155888085e-01,1.353100006470653836e-02
1.000000000000000083e-30,1.000000000000000083e-30,1.000000000000000083e-30,1.000000000000000083e-30,1.000000000000000083e-30,1.000000000000000083e-30,1.000000000000000083e-30,4.672259181330717183e+03,5.732766232747247159e+03,8.898295708312520702e+00,2.301434422619565794e+03,3.672137782598279045e+02,2.111008678454582110e+01,2.314808075530511378e+00,2.329827962355530691e-01,1.491464030117869814e-02
1.000000000000000083e-30,1.000000000000000083e-30,1.000000000000000083e-30,1.000000000000000083e-30,1.000000000000000083e-30,1.000000000000000083e-30,1.000000000000000083e-30,4.639732935709620506e+03,5.693172641771235249e+03,9.899304227179674953e+00,2.288136159308566675e+03,3.672112146606961574e+02,2.253317163283886870e+01,2.567080496985990834e+00,2.549437318742512892e-01,1.642041347470762219e-02
1.000000000000000083e-30,1.000000000000000083e-30,1.000000000000000083e-30,1.000000000000000083e-30,1.000000000000000083e-30,1.000000000000000083e-30,1.000000000000000083e-30,4.607478766650110629e+03,1.000000000000000083e-30,5.664782004787376536e+03,2.274915902608657234e+03,3.671713945787643638e+02,2.392636840339483939e+01,2.816158261945866492e+00,2.778605160219496661e-01,1.804353226384240033e-02
1.000000000000000083e-30,1.000000000000000083e-30,1.000000000000000083e-30,1.000000000000000083e-30,1.000000000000000083e-30,1.000000000000000083e-30,1.000000000000000083e-30,4.575493670331043177e+03,1.000000000000000083e-30,5.626791612923791035e+03,2.261769130164250782e+03,3.670993468828563664e+02,2.529019810212434294e+01,3.062043238605193896e+00,3.016817097751545163e-01,1.978390071934548605e-02
1.000000000000000083e-30,1.000000000000000083e-30,1.000000000000000083e-30,1.000000000000000083e-30,1.000000000000000083e-30,1.000000000000000083e-30,1.000000000000000083e-30,4.543774704003100851e+03,1.000000000000000083e-30,5.589097796906805343e+03,2.248695544979177157e+03,3.669958346624287628e+02,2.662515696256033593e+01,3.304737901971331215e+00,3.263595022575123683e-01,2.163920186834513218e-02
1.000000000000000083e-30,1.000000000000000083e-30,1.000000000000000083e-30,1.000000000000000083e-30,1.000000000000000083e-30,1.000000000000000083e-30,1.000000000000000083e-30,4.512318969124847172e+03,1.000000000000000083e-30,5.551697622748255526e+03,2.235694847479856435e+03,3.668616047221282201e+02,2.793173279562926226e+01,3.544246012402414436e+00,3.518476069181451504e-01,2.360706912409052741e-02
1.000000000000000083e-30,1.000000000000000083e-30,1.000000000000000083e-30,1.000000000000000083e-30,1.000000000000000083e-30,1.000000000000000083e-30,1.000000000000000083e-30,4.481123610414300856e+03,1.000000000000000083e-30,5.514588195517975691e+03,2.222766735726595016e+03,3.666973878963713105e+02,2.921040508612397346e+01,3.780572542261111391e+00,3.781012199431775245e-01,2.568509219815098485e-02
1.000000000000000083e-30,1.000000000000000083e-30,1.000000000000000083e-30,1.000000000000000083e-30,1.000000000000000083e-30,1.000000000000000083e-30,1.000000000000000083e-30,4.450185814984994067e+03,1.000000000000000083e-30,5.477766658656902109e+03,2.209910905559641378e+03,3.665038994204196570e+02,3.046164514177745986e+01,4.013723617772754437e+00,4.050769796514692156e-01,2.787082259646961324e-02
1.000000000000000083e-30,1.000000000000000083e-30,1.000000000000000083e-30,1.000000000000000083e-30,1.000000000000000083e-30,1.000000000000000083e-30,1.000000000000000083e-30,4.419502811481937897e+03,1.000000000000000083e-30,5.441230193274391240e+03,2.197127050737963600e+03,3.662818393014899812e+02,3.147843404000894196e+01,4.451097804506127353e+00,4.327782688717896620e-01,3.018468346611447028e-02
1.000000000000000083e-30,1.000000000000000083e-30,1.000000000000000083e-30,1.000000000000000083e-30,1.000000000000000083e-30,1.000000000000000083e-30,1.000000000000000083e-30,4.389071869254345074e+03,1.000000000000000083e-30,5.404976017494253938e+03,2.184414863085957677e+03,3.660318926782089761e+02,3.247271064565372001e+01,4.881180570764516169e+00,4.611878080269748437e-01,3.264232103317196709e-02
1.000000000000000083e-30,1.000000000000000083e-30,1.000000000000000083e-30,1.000000000000000083e-30,1.000000000000000083e-30,1.000000000000000083e-30,1.000000000000000083e-30,4.358890297551213735e+03,1.000000000000000083e-30,5.368075678579407395e+03,2.172699563948593095e+03,3.657546968799118758e+02,3.344499054961796958e+01,5.304136523374374690e+00,4.902627949007126174e-01,3.523987344383407855e-02
1.000000000000000083e-30,1.000000000000000083e-30,1.000000000000000083e-30,1.000000000000000083e-30,1.000000000000000083e-30,1.000000000000000083e-30,1.000000000000000083e-30,4.328955442973273421e+03,1.000000000000000083e-30,5.331472374127341936e+03,2.161034726547993159e+03,3.654508859894386887e+02,3.439578261236187728e+01,5.720128524583262930e+00,5.199621301523548178e-01,3.797362841530763783e-02
1.000000000000000083e-30,1.000000000000000083e-30,1.000000000000000083e-30,1.000000000000000083e-30,1.000000000000000083e-30,1.000000000000000083e-30,1.000000000000000083e-30,4.299264692263078359e+03,1.000000000000000083e-30,5.295163041807139962e+03,2.149420442178298799e+03,3.651211046385239456e+02,3.532544519032614971e+01,6.129228024671273367e+00,5.502462470469451361e-01,4.083966492570396262e-02
1.000000000000000083e-30,1.000000000000000083e-30,1.000000000000000083e-30,1.000000000000000083e-30,1.000000000000000083e-30,1.000000000000000083e-30,1.000000000000000083e-30,1.000000000000000083e-30,4.269815469755034428e+03,5.259144661724350954e+03,2.137856792145425061e+03,3.647659838581211034e+02,3.623433076744996839e+01,6.531506376953172044e+00,5.810768869012331583e-01,4.383408084097486362e-02
1.000000000000000083e-30,1.000000000000000083e-30,1.000000000000000083e-30,1.000000000000000083e-30,1.000000000000000083e-30,1.000000000000000083e-30,1.000000000000000083e-30,1.000000000000000083e-30,4.240605236642635646e+03,5.223414255605631297e+03,2.126343848085257378e+03,3.643861414026776515e+02,3.712278606244128554e+01,6.927034808096641960e+00,6.124170623628850674e-01,4.695299609300212368e-02
1.000000000000000083e-30,1.000000000000000083e-30,1.000000000000000083e-30,1.000000000000000083e-30,1.000000000000000083e-30,1.000000000000000083e-30,1.000000000000000083e-30,1.000000000000000083e-30,4.211631490272760857e+03,5.187968886035818286e+03,2.114881672270522358e+03,3.639821820524875307e+02,3.799115212880869308e+01,7.251528250527165653e+00,7.085529463168236397e-01,5.022646833404473266e-02
1.000000000000000083e-30,1.000000000000000083e-30,1.000000000000000083e-30,1.000000000000000083e-30,1.000000000000000083e-30,1.000000000000000083e-30,1.000000000000000083e-30,1.000000000000000083e-30,4.182891763440319664e+03,5.152805655692783148e+03,2.101429639906944885e+03,3.655949727483725269e+02,3.883970834220402679e+01,7.570617569441497885e+00,8.043202110045394315e-01,5.368068490815384314e-02
1.000000000000000083e-30,1.000000000000000083e-30,1.000000000000000083e-30,1.000000000000000083e-30,1.000000000000000083e-30,1.000000000000000083e-30,1.000000000000000083e-30,1.000000000000000083e-30,4.154383623551448181e+03,5.117921706505382645e+03,2.088072453595843399e+03,3.671400504304229457e+02,3.966872787236319198e+01,7.884633386841439773e+00,8.998648851807865556e-01,5.731334556845944783e-02
1.000000000000000083e-30,1.000000000000000083e-30,1.000000000000000083e-30,1.000000000000000083e-30,1.000000000000000083e-30,1.000000000000000083e-30,1.000000000000000083e-30,1.000000000000000083e-30,4.126104672283340733e+03,5.083314219090187180e+03,2.074809319823270016e+03,3.686188471259997641e+02,4.047853944073124666e+01,8.193613778306565010e+00,9.951495698875904017e-01,6.111900147020664364e-02
1.000000000000000083e-30,1.000000000000000083e-30,1.000000000000000083e-30,1.000000000000000083e-30,1.000000000000000083e-30,1.000000000000000083e-30,1.000000000000000083e-30,1.000000000000000083e-30,4.098052544796328220e+03,5.048980412039531984e+03,2.061639453557439992e+03,3.700327651826919464e+02,4.126946637816777752e+01,8.497597401382090965e+00,1.090138409705750488e+00,6.509224701984596406e-02
1.000000000000000083e-30,1.000000000000000083e-30,1.000000000000000083e-30,1.000000000000000083e-30,1.000000000000000083e-30,1.000000000000000083e-30,1.000000000000000083e-30,1.000000000000000083e-30,4.070224909115775063e+03,5.014917541244101812e+03,2.048562078112588097e+03,3.713831779300065818e+02,4.204182673303419193e+01,8.796623461396922750e+00,1.184797042414247770e+00,6.922772370913563011e-02
1.000000000000000083e-30,1.000000000000000083e-30,1.000000000000000083e-30,1.000000000000000083e-30,1.000000000000000083e-30,1.000000000000000083e-30,1.000000000000000083e-30,1.000000000000000083e-30,4.042619465504404161e+03,4.981122899209245588e+03,2.035576425023963793e+03,3.718974024724552692e+02,4.356980575210693019e+01,9.090714145391185497e+00,1.274949289939617092e+00,7.783586299812844667e-02
1.000000000000000083e-30,1.000000000000000083e-30,1.000000000000000083e-30,1.000000000000000083e-30,1.000000000000000083e-30,1.000000000000000083e-30,1.000000000000000083e-30,1.000000000000000083e-30,4.015233945993968064e+03,4.947593814824825131e+03,2.022681734186631502e+03,3.723671209367802817e+02,4.492150877646286489e+01,9.521537849988169100e+00,1.364928113786483488e+00,8.674420360805554231e-02
1.000000000000000083e-30,1.000000000000000083e-30,1.000000000000000083e-30,1.000000000000000083e-30,1.000000000000000083e-30,1.000000000000000083e-30,1.000000000000000083e-30,1.000000000000000083e-30,3.988066113558431425e+03,4.914327651889586377e+03,2.009877253218892065e+03,3.727933236613367853e+02,4.624121113224421009e+01,9.945452088908762533e+00,1.454679018977158345e+00,9.598315056544447221e-02
1.000000000000000083e-30,1.000000000000000083e-30,1.000000000000000083e-30,1.000000000000000083e-30,1.000000000000000083e-30,1.000000000000000083e-30,1.000000000000000083e-30,1.000000000000000083e-30,3.961113761670540498e+03,4.881321808898077506e+03,1.997162237599430000e+03,3.731769803992256698e+02,4.752950750728490448e+01,1.036251166348029784e+01,1.544164973786836148e+00,1.055395674900748565e-01
1.000000000000000083e-30,1.000000000000000083e-30,1.000000000000000083e-30,1.000000000000000083e-30,1.000000000000000083e-30,1.000000000000000083e-30,1.000000000000000083e-30,1.000000000000000083e-30,3.934374713750686169e+03,4.848573718465539059e+03,1.984535950577847188e+03,3.735190407953632530e+02,4.878698117441164328e+01,1.077277206376497887e+01,1.633350530660158784e+00,1.154005670109039261e-01
1.000000000000000083e-30,1.000000000000000083e-30,1.000000000000000083e-30,1.000000000000000083e-30,1.000000000000000083e-30,1.000000000000000083e-30,1.000000000000000083e-30,1.000000000000000083e-30,3.907846822614744269e+03,4.816080846724930780e+03,1.971997663064050130e+03,3.738204348477139547e+02,5.001420424248902208e+01,1.117628941234247364e+01,1.722201775850174421e+00,1.255535104250025125e-01
1.000000000000000083e-30,1.000000000000000083e-30,1.000000000000000083e-30,1.000000000000000083e-30,1.000000000000000083e-30,1.000000000000000083e-30,1.000000000000000083e-30,1.000000000000000083e-30,3.881527969949034286e+03,4.783840692749287882e+03,1.959546653521392727e+03,3.730590515931879168e+02,5.223475295282783293e+01,1.157290980799178115e+01,1.810885162199672882e+00,1.360010837029744235e-01
1.000000000000000083e-30,1.000000000000000083e-30,1.000000000000000083e-30,1.000000000000000083e-30,1.000000000000000083e-30,1.000000000000000083e-30,1.000000000000000083e-30,1.000000000000000083e-30,3.855416066023806252e+03,4.751850788633341836e+03,1.947182208248065763e+03,3.722802335795506679e+02,5.440473616503269483e+01,1.196248542813070515e+01,1.894002099716524112e+00,1.523019695765059633e-01
1.000000000000000083e-30,1.000000000000000083e-30,1.000000000000000083e-30,1.000000000000000083e-30,1.000000000000000083e-30,1.000000000000000083e-30,1.000000000000000083e-30,1.000000000000000083e-30,3.829509048713616266e+03,4.720108697566107367e+03,1.934903620449952996e+03,3.714844676326554236e+02,5.652508044582438629e+01,1.234509196090147576e+01,1.977123219370438889e+00,1.688234273281514486e-01
1.000000000000000083e-30,1.000000000000000083e-30,1.000000000000000083e-30,1.000000000000000083e-30,1.000000000000000083e-30,1.000000000000000083e-30,1.000000000000000083e-30,1.000000000000000083e-30,3.803804883253567368e+03,4.688612014029211423e+03,1.922710190588452633e+03,3.706722299449308480e+02,5.859669486805695726e+01,1.272080493956420177e+01,2.060203690590547865e+00,1.855531661756427142e-01
1.000000000000000083e-30,1.000000000000000083e-30,1.000000000000000083e-30,1.000000000000000083e-30,1.000000000000000083e-30,1.000000000000000083e-30,1.000000000000000083e-30,1.000000000000000083e-30,3.778301561762963047e+03,4.657358363272444876e+03,1.910601226281874006e+03,3.698439863217619745e+02,6.062047136185229590e+01,1.308969971533533361e+01,2.133842828035565464e+00,2.118421656322663493e-01
1.000000000000000083e-30,1.000000000000000083e-30,1.000000000000000083e-30,1.000000000000000083e-30,1.000000000000000083e-30,1.000000000000000083e-30,1.000000000000000083e-30,1.000000000000000083e-30,3.752997102765534237e+03,4.626345400782984143e+03,1.898576042204760824e+03,3.690001924217660871e+02,6.259728507703954392e+01,1.345185143388180649e+01,2.207174611626054439e+00,2.384988776024613566e-01
1.000000000000000083e-30,1.000000000000000083e-30,1.000000000000000083e-30,1.000000000000000083e-30,1.000000000000000083e-30,1.000000000000000083e-30,1.000000000000000083e-30,1.000000000000000083e-30,3.727889550738848811e+03,4.595570811787786624e+03,1.886633959994974703e+03,3.681412939868170611e+02,6.452799473035003075e+01,1.380733501113534523e+01,2.280171628708572928e+00,2.654996568892250552e-01
1.000000000000000083e-30,1.000000000000000083e-30,1.000000000000000083e-30,1.000000000000000083e-30,1.000000000000000083e-30,1.000000000000000083e-30,1.000000000000000083e-30,1.000000000000000083e-30,3.702976975654965827e+03,4.565032310747326846e+03,1.874774308158064287e+03,3.672677270700717713e+02,6.641344295184309487e+01,1.415622511209366152e+01,2.352807712655004213e+00,2.928215230724838802e-01
1.000000000000000083e-30,1.000000000000000083e-30,1.000000000000000083e-30,1.000000000000000083e-30,1.000000000000000083e-30,1.000000000000000083e-30,1.000000000000000083e-30,1.000000000000000083e-30,3.678257494311226310e+03,4.534727692686476075e+03,1.862996451686375167e+03,1.545287087499421119e+00,4.330906506519665413e+02,1.452440669191142675e+01,2.408736040230504916e+00,3.101154641491894459e-01
1.000000000000000083e-30,1.000000000000000083e-30,1.000000000000000083e-30,1.000000000000000083e-30,1.000000000000000083e-30,1.000000000000000083e-30,1.000000000000000083e-30,1.000000000000000083e-30,3.653729204011289767e+03,4.504654675489798137e+03,1.851299701777296605e+03,3.056779663449727291e+00,4.324758125759396989e+02,1.488626685514494774e+01,2.464273440603055754e+00,3.274887637038575439e-01
1.000000000000000083e-30,1.000000000000000083e-30,1.000000000000000083e-30,1.000000000000000083e-30,1.000000000000000083e-30,1.000000000000000083e-30,1.000000000000000083e-30,1.000000000000000083e-30,3.629390248498124038e+03,4.474811058658004185e+03,1.839683407209527559e+03,4.536502539672019552e+00,4.311215710777598247e+02,1.595660563342760696e+01,2.519356377545879599e+00,3.451593738924110255e-01
1.000000000000000083e-30,1.000000000000000083e-30,1.000000000000000083e-30,1.000000000000000083e-30,1.000000000000000083e-30,1.000000000000000083e-30,1.000000000000000083e-30,1.000000000000000083e-30,3.605238795250535532e+03,4.445194668542176260e+03,1.828146922912671926e+03,5.985029249218221992e+00,4.297584537102105173e+02,1.700531183031121074e+01,2.573858578099953665e+00,3.634814509624973988e-01
1.000000000000000083e-30,1.000000000000000083e-30,1.000000000000000083e-30,1.000000000000000083e-30,1.000000000000000083e-30,1.000000000000000083e-30,1.000000000000000083e-30,1.000000000000000083e-30,3.581273035389034249e+03,4.415803358808378107e+03,1.816689610440401111e+03,7.402922480872323518e+00,4.283867842929636822e+02,1.786966581293048151e+01,2.790932425053920696e+00,3.823283849434032100e-01
1.000000000000000083e-30,1.000000000000000083e-30,1.000000000000000083e-30,1.000000000000000083e-30,1.000000000000000083e-30,1.000000000000000083e-30,1.000000000000000083e-30,1.000000000000000083e-30,3.557491183041884142e+03,4.386635009620302299e+03,1.805310837703419566e+03,8.790734316753939126e+00,4.270042285125508670e+02,1.871856633612383547e+01,3.004633061321403620e+00,4.017003775817766242e-01
1.000000000000000083e-30,1.000000000000000083e-30,1.000000000000000083e-30,1.000000000000000083e-30,1.000000000000000083e-30,1.000000000000000083e-30,1.000000000000000083e-30,1.000000000000000083e-30,3.533891474925399962e+03,4.357687527134834454e+03,1.794009978849731624e+03,1.014900647189136329e+01,4.256133399477747048e+02,1.955006717464667787e+01,3.214989268527185473e+00,4.215700987732677874e-01
1.000000000000000083e-30,1.000000000000000083e-30,1.000000000000000083e-30,1.000000000000000083e-30,1.000000000000000083e-30,1.000000000000000083e-30,1.000000000000000083e-30,1.000000000000000083e-30,3.510472170015727897e+03,4.328958843158347008e+03,1.782786414212104319e+03,1.147827049322128090e+01,4.242144409568541619e+02,2.036444222462091602e+01,3.422030200391766197e+00,4.419104303588058946e-01
1.000000000000000083e-30,1.000000000000000083e-30,1.000000000000000083e-30,1.000000000000000083e-30,1.000000000000000083e-30,1.000000000000000083e-30,1.000000000000000083e-30,1.000000000000000083e-30,3.487231549150333194e+03,4.300446914704420124e+03,1.771639530221683117e+03,1.277904798501588246e+01,4.228078468059558190e+02,2.116196124468245188e+01,3.625785146195542374e+00,4.626950422446916567e-01
1.000000000000000083e-30,1.000000000000000083e-30,1.000000000000000083e-30,1.000000000000000083e-30,1.000000000000000083e-30,1.000000000000000083e-30,1.000000000000000083e-30,1.000000000000000083e-30,3.464167914674836538e+03,4.272149723600376092e+03,1.760568719331659850e+03,1.405185081426687432e+01,4.213938658224008691e+02,2.194288991649507992e+01,3.826283512703809286e+00,4.838983745220341581e-01
1.000000000000000083e-30,1.000000000000000083e-30,1.000000000000000083e-30,1.000000000000000083e-30,1.000000000000000083e-30,1.000000000000000083e-30,1.000000000000000083e-30,1.000000000000000083e-30,3.441279598542038912e+03,4.244065291686762976e+03,5.537551268179399244e-01,1.764317325113825746e+03,4.199773261555584440e+02,2.270482621502276999e+01,4.021916978997460035e+00,5.050005911655348623e-01
1.000000000000000083e-30,1.000000000000000083e-30,1.000000000000000083e-30,1.000000000000000083e-30,1.000000000000000083e-30,1.000000000000000083e-30,1.000000000000000083e-30,1.000000000000000083e-30,3.418564937215694044e+03,4.216191634766357311e+03,1.095548105710148601e+00,1.754073460291551783e+03,4.185544021417848626e+02,2.345066483632808385e+01,4.214251119652070443e+00,5.264338928493760283e-01
1.000000000000000083e-30,1.000000000000000083e-30,1.000000000000000083e-30,1.000000000000000083e-30,1.000000000000000083e-30,1.000000000000000083e-30,1.000000000000000083e-30,1.000000000000000083e-30,3.396022295471479993e+03,4.188526806823631887e+03,5.381490162861367610e-01,1.744977040385179862e+03,4.171251954278887411e+02,2.418038906802159360e+01,4.403302454753282191e+00,5.481750447518246583e-01
1.000000000000000083e-30,1.000000000000000083e-30,1.000000000000000083e-30,1.000000000000000083e-30,1.000000000000000083e-30,1.000000000000000083e-30,1.000000000000000083e-30,1.000000000000000083e-30,3.373650058129019726e+03,4.161068884943563717e+03,1.000000000000000083e-30,1.735908593295731407e+03,4.156901398311979960e+02,2.489453111545636332e+01,4.589124517571433692e+00,5.702039028547848387e-01
1.000000000000000083e-30,1.000000000000000083e-30,1.000000000000000083e-30,1.000000000000000083e-30,1.000000000000000083e-30,1.000000000000000083e-30,1.000000000000000083e-30,1.000000000000000083e-30,3.351446629935262536e+03,4.133815969291153124e+03,1.000000000000000083e-30,1.726349569307558568e+03,4.142494124294805715e+02,2.559320835525991100e+01,4.771743127633518711e+00,5.924992005726299471e-01
1.000000000000000083e-30,1.000000000000000083e-30,1.000000000000000083e-30,1.000000000000000083e-30,1.000000000000000083e-30,1.000000000000000083e-30,1.000000000000000083e-30,1.000000000000000083e-30,3.329410435103700820e+03,4.106766182552840291e+03,1.000000000000000083e-30,1.716838001903364329e+03,4.128032686178434574e+02,2.627667141037440146e+01,4.951193138846438302e+00,6.150408807561181801e-01
1.000000000000000083e-30,1.000000000000000083e-30,1.000000000000000083e-30,1.000000000000000083e-30,1.000000000000000083e-30,1.000000000000000083e-30,1.000000000000000083e-30,1.000000000000000083e-30,3.307539917017921653e+03,4.079917669620332163e+03,1.000000000000000083e-30,1.707373772652855450e+03,4.113519583255848033e+02,2.682410296334722943e+01,5.248550893568257436e+00,6.378316963440726628e-01
1.000000000000000083e-30,1.000000000000000083e-30,1.000000000000000083e-30,1.000000000000000083e-30,1.000000000000000083e-30,1.000000000000000083e-30,1.000000000000000083e-30,1.000000000000000083e-30,3.285833536832491518e+03,4.053268596190027438e+03,1.000000000000000083e-30,1.697956760545162979e+03,4.098957264308805293e+02,2.735903098071876016e+01,5.540548811791961903e+00,6.608703063680260170e-01
1.000000000000000083e-30,1.000000000000000083e-30,1.000000000000000083e-30,1.000000000000000083e-30,1.000000000000000083e-30,1.000000000000000083e-30,1.000000000000000083e-30,1.000000000000000083e-30,3.264289775212235327e+03,1.000000000000000083e-30,4.026817150391895211e+03,1.688586841689129187e+03,4.084348123094526954e+02,2.788166165606974189e+01,5.827255702662742287e+00,6.841368785505401728e-01
1.000000000000000083e-30,1.000000000000000083e-30,1.000000000000000083e-30,1.000000000000000083e-30,1.000000000000000083e-30,1.000000000000000083e-30,1.000000000000000083e-30,1.000000000000000083e-30,3.242907132436323536e+03,1.000000000000000083e-30,4.000561542878467662e+03,1.679263889355949914e+03,4.069694498376000524e+02,2.839219764126123380e+01,6.108739585328148536e+00,7.076121971033417779e-01
1.000000000000000083e-30,1.000000000000000083e-30,1.000000000000000083e-30,1.000000000000000083e-30,1.000000000000000083e-30,1.000000000000000083e-30,1.000000000000000083e-30,1.000000000000000083e-30,3.221684125787686298e+03,1.000000000000000083e-30,3.974500004230266768e+03,1.669987774505200150e+03,4.054998681298616248e+02,2.889083854096157822e+01,6.385067869251194850e+00,7.312776653573559438e-01
1.000000000000000083e-30,1.000000000000000083e-30,1.000000000000000083e-30,1.000000000000000083e-30,1.000000000000000083e-30,1.000000000000000083e-30,1.000000000000000083e-30,1.000000000000000083e-30,3.200619290156519128e+03,1.000000000000000083e-30,3.948630785492429823e+03,1.660758365708933297e+03,4.040262914036165967e+02,2.937778080322889451e+01,6.656307289691405060e+00,7.551152840827307644e-01
1.000000000000000083e-30,1.000000000000000083e-30,1.000000000000000083e-30,1.000000000000000083e-30,1.000000000000000083e-30,1.000000000000000083e-30,1.000000000000000083e-30,1.000000000000000083e-30,3.179711177843162204e+03,1.000000000000000083e-30,3.922952157945954696e+03,1.650446688071767539e+03,4.036776213560472684e+02,2.985319187006507491e+01,6.922692339162527908e+00,7.791254687592287231e-01
1.000000000000000083e-30,1.000000000000000083e-30,1.000000000000000083e-30,1.000000000000000083e-30,1.000000000000000083e-30,1.000000000000000083e-30,1.000000000000000083e-30,1.000000000000000083e-30,3.158958357675559455e+03,1.000000000000000083e-30,3.897462411710216657e+03,1.640204466841335943e+03,4.033020513881803595e+02,3.031723887296676878e+01,7.130875037590254983e+00,8.569103593585496448e-01
1.000000000000000083e-30,1.000000000000000083e-30,1.000000000000000083e-30,1.000000000000000083e-30,1.000000000000000083e-30,1.000000000000000083e-30,1.000000000000000083e-30,1.000000000000000083e-30,3.138359416029235035e+03,1.000000000000000083e-30,3.872159857701620695e+03,1.630031164720791367e+03,4.029002040421721631e+02,3.077011084679251951e+01,7.335253050863966173e+00,9.340834710015923914e-01
1.000000000000000083e-30,1.000000000000000083e-30,1.000000000000000083e-30,1.000000000000000083e-30,1.000000000000000083e-30,1.000000000000000083e-30,1.000000000000000083e-30,1.000000000000000083e-30,3.117912955053506721e+03,1.000000000000000083e-30,3.847042825349299619e+03,1.619926249295635444e+03,4.024726903775911069e+02,3.121199397051164581e+01,7.535870752514787441e+00,1.010633989946675859e+00
1.000000000000000083e-30,1.000000000000000083e-30,1.000000000000000083e-30,1.000000000000000083e-30,1.000000000000000083e-30,1.000000000000000083e-30,1.000000000000000083e-30,1.000000000000000083e-30,3.097617593984969062e+03,1.000000000000000083e-30,3.822109663845887553e+03,1.609889193318124171e+03,4.020201091444325243e+02,3.164307132844376369e+01,7.723039467161926908e+00,1.096288806311926045e+00
1.000000000000000083e-30,1.000000000000000083e-30,1.000000000000000083e-30,1.000000000000000083e-30,1.000000000000000083e-30,1.000000000000000083e-30,1.000000000000000083e-30,1.000000000000000083e-30,1.000000000000000083e-30,3.077471968435726467e+03,3.797358741423542142e+03,1.599919474547015170e+03,4.015430473344852658e+02,3.206352304430878775e+01,7.906545873793398016e+00,1.181291435885305718e+00
1.000000000000000083e-30,1.000000000000000083e-30,1.000000000000000083e-30,1.000000000000000083e-30,1.000000000000000083e-30,1.000000000000000083e-30,1.000000000000000083e-30,1.000000000000000083e-30,1.000000000000000083e-30,3.057474730795559935e+03,3.772788445712660632e+03,1.590016575834145669e+03,4.010420799812985706e+02,3.247352620842978865e+01,8.086437652355725092e+00,1.265628423569781447e+00
1.000000000000000083e-30,1.000000000000000083e-30,1.000000000000000083e-30,1.000000000000000083e-30,1.000000000000000083e-30,1.000000000000000083e-30,1.000000000000000083e-30,1.000000000000000083e-30,1.000000000000000083e-30,3.037624548334720657e+03,3.748397181844082752e+03,1.580179984693804272e+03,4.005177715080239409e+02,3.276359248460301643e+01,8.372424635868020104e+00,1.349287128585877182e+00
1.000000000000000083e-30,1.000000000000000083e-30,1.000000000000000083e-30,1.000000000000000083e-30,1.000000000000000083e-30,1.000000000000000083e-30,1.000000000000000083e-30,1.000000000000000083e-30,1.000000000000000083e-30,3.017920103647183169e+03,3.724183372852347020e+03,1.570409193404910638e+03,3.995465391756962958e+02,3.346933140414181906e+01,8.653073019215407058e+00,1.432407335667106763e+00
1.000000000000000083e-30,1.000000000000000083e-30,1.000000000000000083e-30,1.000000000000000083e-30,1.000000000000000083e-30,1.000000000000000083e-30,1.000000000000000083e-30,1.000000000000000083e-30,1.000000000000000083e-30,2.998360094530917195e+03,3.700145459580298393e+03,1.560703699026477580e+03,3.985615459249160040e+02,3.415827828754589035e+01,8.928327244814658670e+00,1.515094439295460393e+00
1.000000000000000083e-30,1.000000000000000083e-30,1.000000000000000083e-30,1.000000000000000083e-30,1.000000000000000083e-30,1.000000000000000083e-30,1.000000000000000083e-30,1.000000000000000083e-30,1.000000000000000083e-30,2.978943233690818943e+03,3.676281900198233870e+03,1.551063003195963574e+03,3.975631810200181349e+02,3.483072851003541359e+01,9.198259554275013627e+00,1.597326534626977823e+00
1.000000000000000083e-30,1.000000000000000083e-30,1.000000000000000083e-30,1.000000000000000083e-30,1.000000000000000083e-30,1.000000000000000083e-30,1.000000000000000083e-30,1.000000000000000083e-30,1.000000000000000083e-30,2.959668248572805169e+03,3.652591170099508417e+03,1.541486612163493646e+03,3.965518259286636749e+02,3.548697227880955296e+01,9.462941413679420322e+00,1.679082674799361907e+00
1.000000000000000083e-30,1.000000000000000083e-30,1.000000000000000083e-30,1.000000000000000083e-30,1.000000000000000083e-30,1.000000000000000083e-30,1.000000000000000083e-30,1.000000000000000083e-30,1.000000000000000083e-30,2.940533881140805988e+03,3.629071761648889606e+03,1.531974036736978178e+03,3.955278544818415867e+02,3.612729473239824785e+01,9.722443516602782054e+00,1.760342844474519053e+00
1.000000000000000083e-30,1.000000000000000083e-30,1.000000000000000083e-30,1.000000000000000083e-30,1.000000000000000083e-30,1.000000000000000083e-30,1.000000000000000083e-30,1.000000000000000083e-30,1.000000000000000083e-30,2.921538887668097686e+03,3.605722183943916207e+03,1.522524792229667810e+03,3.944916330254438321e+02,3.675197603537828428e+01,9.976835787798265187e+00,1.841087932037864805e+00
1.000000000000000083e-30,1.000000000000000083e-30,1.000000000000000083e-30,1.000000000000000083e-30,1.000000000000000083e-30,1.000000000000000083e-30,1.000000000000000083e-30,1.000000000000000083e-30,1.000000000000000083e-30,2.902682038527276745e+03,3.582540962577487790e+03,1.513138398408364083e+03,3.934435205703066458e+02,3.736129147224653479e+01,1.022618738759319790e+01,1.921299702501691131e+00
1.000000000000000083e-30,1.000000000000000083e-30,1.000000000000000083e-30,1.000000000000000083e-30,1.000000000000000083e-30,1.000000000000000083e-30,1.000000000000000083e-30,1.000000000000000083e-30,1.000000000000000083e-30,2.883962117983277039e+03,3.559526639402782621e+03,1.503814379441700794e+03,3.918383552143130828e+02,3.850095899748349382e+01,1.047041458650153345e+01,2.001146095132342317e+00
1.000000000000000083e-30,1.000000000000000083e-30,1.000000000000000083e-30,1.000000000000000083e-30,1.000000000000000083e-30,1.000000000000000083e-30,1.000000000000000083e-30,1.000000000000000083e-30,1.000000000000000083e-30,2.865377924093341335e+03,3.536677772524790271e+03,1.494552263975816913e+03,3.902328601004182360e+02,3.961486895314293122e+01,1.070944074008428082e+01,2.080753222605161934e+00
1.000000000000000083e-30,1.000000000000000083e-30,1.000000000000000083e-30,1.000000000000000083e-30,1.000000000000000083e-30,1.000000000000000083e-30,1.000000000000000083e-30,1.000000000000000083e-30,1.000000000000000083e-30,2.846928268294848749e+03,3.513992935606876927e+03,1.485351584817131425e+03,3.886271913150224009e+02,4.070346703906461983e+01,1.094334491458141834e+01,2.160091813052078979e+00
1.000000000000000083e-30,1.000000000000000083e-30,1.000000000000000083e-30,1.000000000000000083e-30,1.000000000000000083e-30,1.000000000000000083e-30,1.000000000000000083e-30,1.000000000000000083e-30,1.000000000000000083e-30,2.828611975324462946e+03,3.491470717900285763e+03,1.476211879026531960e+03,3.870215012669918337e+02,4.176719126282649341e+01,1.117220506540648728e+01,2.239133772046997262e+00
1.000000000000000083e-30,1.000000000000000083e-30,1.000000000000000083e-30,1.000000000000000083e-30,1.000000000000000083e-30,1.000000000000000083e-30,1.000000000000000083e-30,1.000000000000000083e-30,1.000000000000000083e-30,2.810427882376126945e+03,3.469109723379198385e+03,1.467132687721070397e+03,3.854159389562727256e+02,4.280647241395143254e+01,1.139609812651748477e+01,2.317852173753276457e+00
1.000000000000000083e-30,1.000000000000000083e-30,1.000000000000000083e-30,1.000000000000000083e-30,1.000000000000000083e-30,1.000000000000000083e-30,1.000000000000000083e-30,1.000000000000000083e-30,1.000000000000000083e-30,2.792374840141832465e+03,3.446908571742137156e+03,1.458113556306009059e+03,3.838106496886973105e+02,4.382173357893395149e+01,1.161509988256138293e+01,2.396221185915404117e+00
1.000000000000000083e-30,1.000000000000000083e-30,1.000000000000000083e-30,1.000000000000000083e-30,1.000000000000000083e-30,1.000000000000000083e-30,1.000000000000000083e-30,1.000000000000000083e-30,1.000000000000000083e-30,2.774451712109856999e+03,3.424865897695965486e+03,1.449154034311938403e+03,3.822057753025686679e+02,4.481339053918278381e+01,1.182928504319858831e+01,2.474216053720712516e+00
1.000000000000000083e-30,1.000000000000000083e-30,1.000000000000000083e-30,1.000000000000000083e-30,1.000000000000000083e-30,1.000000000000000083e-30,1.000000000000000083e-30,1.000000000000000083e-30,1.000000000000000083e-30,2.756657374372268350e+03,3.402980350736263972e+03,1.440253675345232068e+03,3.806014542441924391e+02,4.578185191227288442e+01,1.203872725937145205e+01,2.551813068431456610e+00
1.000000000000000083e-30,1.000000000000000083e-30,1.000000000000000083e-30,1.000000000000000083e-30,1.000000000000000083e-30,1.000000000000000083e-30,1.000000000000000083e-30,1.000000000000000083e-30,1.000000000000000083e-30,2.738990715331031424e+03,3.381250594827850364e+03,1.431412037015229998e+03,3.789978216724043136e+02,4.672751934327997247e+01,1.224349915153073631e+01,2.628989540694868232e+00
1.000000000000000083e-30,1.000000000000000083e-30,1.000000000000000083e-30,1.000000000000000083e-30,1.000000000000000083e-30,1.000000000000000083e-30,1.000000000000000083e-30,1.000000000000000083e-30,1.000000000000000083e-30,2.721450635588601472e+03,3.359675308269747347e+03,1.422628680903876784e+03,3.773950095085455700e+02,4.765078760086879583e+01,1.244367231640786642e+01,2.705723768027558762e+00
1.000000000000000083e-30,1.000000000000000083e-30,1.000000000000000083e-30,1.000000000000000083e-30,1.000000000000000083e-30,1.000000000000000083e-30,1.000000000000000083e-30,1.000000000000000083e-30,1.000000000000000083e-30,2.704036047797640094e+03,3.338253183520542734e+03,1.413903172526219350e+03,3.757931464978612439e+02,4.855204469293967406e+01,1.263931733864728457e+01,2.781995004509739911e+00
1.000000000000000083e-30,1.000000000000000083e-30,1.000000000000000083e-30,1.000000000000000083e-30,1.000000000000000083e-30,1.000000000000000083e-30,1.000000000000000083e-30,1.000000000000000083e-30,1.000000000000000083e-30,2.686745876531095291e+03,3.316982927044695771e+03,1.405235081295654027e+03,3.741923582644307089e+02,4.943167197087786491e+01,1.283050380018240233e+01,2.857783430462755625e+00
1.000000000000000083e-30,1.000000000000000083e-30,1.000000000000000083e-30,1.000000000000000083e-30,1.000000000000000083e-30,1.000000000000000083e-30,1.000000000000000083e-30,1.000000000000000083e-30,1.000000000000000083e-30,2.669579058074927616e+03,3.295863259081620527e+03,1.396623980471182904e+03,3.725927673879863846e+02,5.029004427229163809e+01,1.301730029888415174e+01,2.933070126030839830e+00
1.000000000000000083e-30,1.000000000000000083e-30,1.000000000000000083e-30,1.000000000000000083e-30,1.000000000000000083e-30,1.000000000000000083e-30,1.000000000000000083e-30,1.000000000000000083e-30,1.000000000000000083e-30,2.652534540159578683e+03,3.274892913353537551e+03,1.388069447090184440e+03,3.709944934978490210e+02,5.112753009378593561e+01,1.319977447459096176e+01,3.007837048289172532e+00
1.000000000000000083e-30,1.000000000000000083e-30,1.000000000000000083e-30,1.000000000000000083e-30,1.000000000000000083e-30,1.000000000000000083e-30,1.000000000000000083e-30,1.000000000000000083e-30,1.000000000000000083e-30,2.635611281874168526e+03,3.254070636955799728e+03,1.379571061943285713e+03,3.693976533131702240e+02,5.156841391809210506e+01,1.375407064393274581e+01,3.082067064139974111e+00
1.000000000000000083e-30,1.000000000000000083e-30,1.000000000000000083e-30,1.000000000000000083e-30,1.000000000000000083e-30,1.000000000000000083e-30,1.000000000000000083e-30,1.000000000000000083e-30,1.000000000000000083e-30,2.618808253491272353e+03,3.233395190214945615e+03,1.371128409576186868e+03,3.677617198623277091e+02,5.199646810378913386e+01,1.431291306547830011e+01,3.159977854104958794e+00
1.000000000000000083e-30,1.000000000000000083e-30,1.000000000000000083e-30,1.000000000000000083e-30,1.000000000000000083e-30,1.000000000000000083e-30,1.000000000000000083e-30,1.000000000000000083e-30,1.000000000000000083e-30,2.602124440873420554e+03,3.212865351781304071e+03,1.362741080367985660e+03,3.661282152541368191e+02,5.241192352689515133e+01,1.486007971516547954e+01,3.237252896983335848e+00
1.000000000000000083e-30,1.000000000000000083e-30,1.000000000000000083e-30,1.000000000000000083e-30,1.000000000000000083e-30,1.000000000000000083e-30,1.000000000000000083e-30,1.000000000000000083e-30,1.000000000000000083e-30,2.585558836103199155e+03,3.192479907615568209e+03,1.354408666040579192e+03,3.644972361117526702e+02,5.281500698594020804e+01,1.539575747474658662e+01,3.313878084434312754e+00
1.000000000000000083e-30,1.000000000000000083e-30,1.000000000000000083e-30,1.000000000000000083e-30,1.000000000000000083e-30,1.000000000000000083e-30,1.000000000000000083e-30,1.000000000000000083e-30,1.000000000000000083e-30,2.569110442051833161e+03,3.172237656393811903e+03,1.346130761918514736e+03,3.628688765420238269e+02,5.320594136293254905e+01,1.592013030618936575e+01,3.389840050332296517e+00
1.000000000000000083e-30,1.000000000000000083e-30,1.000000000000000083e-30,1.000000000000000083e-30,1.000000000000000083e-30,1.000000000000000083e-30,1.000000000000000083e-30,1.000000000000000083e-30,1.000000000000000083e-30,2.552778272174784433e+03,3.152137409281440796e+03,1.337906966876327260e+03,3.612432282017765601e+02,5.358494571507218041e+01,1.633092415040698597e+01,3.567618711615777816e+00
1.000000000000000083e-30,1.000000000000000083e-30,1.000000000000000083e-30,1.000000000000000083e-30,1.000000000000000083e-30,1.000000000000000083e-30,1.000000000000000083e-30,1.000000000000000083e-30,1.000000000000000083e-30,2.536561350841186140e+03,3.132177990252075233e+03,1.329736883417479021e+03,3.596203802442741448e+02,5.395223517850287465e+01,1.673261185562812869e+01,3.742873688977943925e+00
1.000000000000000083e-30,1.000000000000000083e-30,1.000000000000000083e-30,1.000000000000000083e-30,1.000000000000000083e-30,1.000000000000000083e-30,1.000000000000000083e-30,1.000000000000000083e-30,1.000000000000000083e-30,2.520458728069317203e+03,3.112358266376276333e+03,1.321336080029578852e+03,9.731611592949475087e-01,4.116201009496405732e+02,1.713826642109647480e+01,3.902291790244329039e+00
1.000000000000000083e-30,1.000000000000000083e-30,1.000000000000000083e-30,1.000000000000000083e-30,1.000000000000000083e-30,1.000000000000000083e-30,1.000000000000000083e-30,1.000000000000000083e-30,1.000000000000000083e-30,2.504469432209655224e+03,3.092677053243417049e+03,1.312993810717934593e+03,1.926552383017290815e+00,4.096728264482663917e+02,1.753544042166137373e+01,4.059216646628484249e+00
1.000000000000000083e-30,1.000000000000000083e-30,1.000000000000000083e-30,1.000000000000000083e-30,1.000000000000000083e-30,1.000000000000000083e-30,1.000000000000000083e-30,1.000000000000000083e-30,1.000000000000000083e-30,2.488592517701498309e+03,3.073133210529072585e+03,1.304709595750728113e+03,2.861094567986271375e+00,4.077308555510771839e+02,1.792403405870944866e+01,4.213604261740936607e+00
1.000000000000000083e-30,1.000000000000000083e-30,1.000000000000000083e-30,1.000000000000000083e-30,1.000000000000000083e-30,1.000000000000000083e-30,1.000000000000000083e-30,1.000000000000000083e-30,1.000000000000000083e-30,2.472827048916597505e+03,3.053725609533571060e+03,1.296482960226641353e+03,3.777097930145135507e+00,4.057942496066533522e+02,1.830418019600002211e+01,4.365478796241612613e+00
1.000000000000000083e-30,1.000000000000000083e-30,1.000000000000000083e-30,1.000000000000000083e-30,1.000000000000000083e-30,1.000000000000000083e-30,1.000000000000000083e-30,1.000000000000000083e-30,1.000000000000000083e-30,2.457172099993641496e+03,3.034453133101143067e+03,1.288313434079915396e+03,4.674867553949967558e+00,4.038630680127898245e+02,1.867600977000592266e+01,4.514864377145403118e+00
1.000000000000000083e-30,1.000000000000000083e-30,1.000000000000000083e-30,1.000000000000000083e-30,1.000000000000000083e-30,1.000000000000000083e-30,1.000000000000000083e-30,1.000000000000000083e-30,1.000000000000000083e-30,2.441626754732564223e+03,3.015314675497279495e+03,1.280200552029372830e+03,5.554703467634944047e+00,4.019373682614015593e+02,1.903965181266438478e+01,4.661785085760945080e+00
1.000000000000000083e-30,1.000000000000000083e-30,1.000000000000000083e-30,1.000000000000000083e-30,1.000000000000000083e-30,1.000000000000000083e-30,1.000000000000000083e-30,1.000000000000000083e-30,1.000000000000000083e-30,2.426190106451367228e+03,2.996309142246421743e+03,1.272143853511072621e+03,6.416900741683241982e+00,4.000172059832387390e+02,1.939523348283153226e+01,4.806264952995107365e+00
1.000000000000000083e-30,1.000000000000000083e-30,1.000000000000000083e-30,1.000000000000000083e-30,1.000000000000000083e-30,1.000000000000000083e-30,1.000000000000000083e-30,1.000000000000000083e-30,1.000000000000000083e-30,2.410861257867768472e+03,2.977435449994290138e+03,1.264142882620437149e+03,7.261749572824986565e+00,3.981026349865279599e+02,1.974288009183153747e+01,4.948327953307281923e+00
1.000000000000000083e-30,1.000000000000000083e-30,1.000000000000000083e-30,1.000000000000000083e-30,1.000000000000000083e-30,1.000000000000000083e-30,1.000000000000000083e-30,1.000000000000000083e-30,1.000000000000000083e-30,2.395639320968459288e+03,2.958692526358059240e+03,1.256197188049769920e+03,8.089535374522554889e+00,3.961937072977497678e+02,2.008271513217042070e+01,5.087998000025033107e+00
1.000000000000000083e-30,1.000000000000000083e-30,1.000000000000000083e-30,1.000000000000000083e-30,1.000000000000000083e-30,1.000000000000000083e-30,1.000000000000000083e-30,1.000000000000000083e-30,1.000000000000000083e-30,2.380523416889572673e+03,2.940079309788003229e+03,1.248306323030275053e+03,8.900538860545610831e+00,3.942904731996262626e+02,2.041486030358163717e+01,5.225298940136145376e+00
1.000000000000000083e-30,1.000000000000000083e-30,1.000000000000000083e-30,1.000000000000000083e-30,1.000000000000000083e-30,1.000000000000000083e-30,1.000000000000000083e-30,1.000000000000000083e-30,1.000000000000000083e-30,2.365512675797952397e+03,2.921594749430343654e+03,1.240469845274667477e+03,9.695036127526183378e+00,3.923929812686033642e+02,2.073943553891422908e+01,5.360254549307422955e+00
