# particle radii (um) per size_bin (including water contribution to size), with size bins represented by columns and their number (starting from 1) given in second line of header, per time step which is represented by rows and corresponding times given in the time output file 
# 1, 2, 3, 4, 5, 6, 7, 8, 9, 10, 11, 12, 13, 14, 15, 16
2.500000000000000052e-03,7.499999999999999722e-03,1.250000000000000069e-02,1.749999999999999820e-02,2.249999999999999917e-02,2.750000000000000014e-02,3.250000000000000111e-02,3.750000000000000555e-02,4.250000000000000305e-02,4.750000000000000056e-02,5.250000000000000500e-02,5.750000000000000250e-02,6.250000000000000000e-02,6.750000000000000444e-02,7.250000000000000888e-02,7.749999999999999944e-02
2.500000000000000052e-03,7.499999999999999722e-03,1.250000000000000069e-02,1.749999999999999820e-02,2.249999999999999917e-02,2.750000000000000014e-02,3.250000000000000111e-02,3.750000000000000555e-02,4.250000000000000305e-02,4.750000000000000056e-02,5.250000000000000500e-02,5.750000000000000250e-02,6.250000000000000000e-02,6.750000000000000444e-02,7.250000000000000888e-02,7.749999999999999944e-02
2.500000000000000052e-03,7.499999999999999722e-03,1.250000000000000069e-02,1.749999999999999820e-02,2.249999999999999917e-02,2.750000000000000014e-02,3.250000000000000111e-02,3.750000000000000555e-02,4.250000000000000305e-02,4.750000000000000056e-02,5.250000000000000500e-02,5.750000000000000250e-02,6.250000000000000000e-02,6.750000000000000444e-02,7.250000000000000888e-02,7.749999999999999944e-02
2.500000000000000052e-03,7.499999999999999722e-03,1.250000000000000069e-02,1.749999999999999820e-02,2.249999999999999917e-02,2.750000000000000014e-02,3.250000000000000111e-02,3.750000000000000555e-02,4.250000000000000305e-02,4.750000000000000056e-02,5.250000000000000500e-02,5.750000000000000250e-02,6.250000000000000000e-02,6.750000000000000444e-02,7.250000000000000888e-02,7.749999999999999944e-02
2.500000000000000052e-03,7.499999999999999722e-03,1.250000000000000069e-02,1.749999999999999820e-02,2.249999999999999917e-02,2.750000000000000014e-02,3.250000000000000111e-02,3.750000000000000555e-02,4.250000000000000305e-02,4.750000000000000056e-02,5.250000000000000500e-02,5.750000000000000250e-02,6.250000000000000000e-02,6.750000000000000444e-02,7.250000000000000888e-02,7.749999999999999944e-02
2.500000000000000052e-03,7.499999999999999722e-03,1.250000000000000069e-02,1.749999999999999820e-02,2.249999999999999917e-02,2.750000000000000014e-02,3.250000000000000111e-02,3.750000000000000555e-02,4.250000000000000305e-02,4.750000000000000056e-02,5.250000000000000500e-02,5.750000000000000250e-02,6.250000000000000000e-02,6.750000000000000444e-02,7.250000000000000888e-02,7.749999999999999944e-02
5.270095473654399154e-04,7.499999999999999722e-03,1.250000000000000069e-02,1.749999999999999820e-02,2.249999999999999917e-02,2.750000000000000014e-02,3.250000000000000111e-02,3.750000000000000555e-02,4.250000000000000305e-02,4.750000000000000056e-02,5.250000000000000500e-02,5.750000000000000250e-02,6.250000000000000000e-02,6.750000000000000444e-02,7.250000000000000888e-02,7.749999999999999944e-02
8.413407223609374423e-04,7.499999999999999722e-03,1.250000000000000069e-02,1.749999999999999820e-02,2.249999999999999917e-02,2.750000000000000014e-02,3.250000000000000111e-02,3.750000000000000555e-02,4.250000000000000305e-02,4.750000000000000056e-02,5.250000000000000500e-02,5.750000000000000250e-02,6.250000000000000000e-02,6.750000000000000444e-02,7.250000000000000888e-02,7.749999999999999944e-02
1.328857095935241433e-03,7.499999999999999722e-03,1.250000000000000069e-02,1.749999999999999820e-02,2.249999999999999917e-02,2.750000000000000014e-02,3.250000000000000111e-02,3.750000000000000555e-02,4.250000000000000305e-02,4.750000000000000056e-02,5.250000000000000500e-02,5.750000000000000250e-02,6.250000000000000000e-02,6.750000000000000444e-02,7.250000000000000888e-02,7.749999999999999944e-02
2.067313184495377619e-03,7.499999999999999722e-03,1.250000000000000069e-02,1.749999999999999820e-02,2.249999999999999917e-02,2.750000000000000014e-02,3.250000000000000111e-02,3.750000000000000555e-02,4.250000000000000305e-02,4.750000000000000056e-02,5.250000000000000500e-02,5.750000000000000250e-02,6.250000000000000000e-02,6.750000000000000444e-02,7.250000000000000888e-02,7.749999999999999944e-02
3.082432180488469189e-03,5.033450674892483989e-03,1.250000000000000069e-02,1.749999999999999820e-02,2.249999999999999917e-02,2.750000000000000014e-02,3.250000000000000111e-02,3.750000000000000555e-02,4.250000000000000305e-02,4.750000000000000056e-02,5.250000000000000500e-02,5.750000000000000250e-02,6.250000000000000000e-02,6.750000000000000444e-02,7.250000000000000888e-02,7.749999999999999944e-02
5.270095473654399154e-04,5.237632406120840828e-03,1.250000000000000069e-02,1.749999999999999820e-02,2.249999999999999917e-02,2.750000000000000014e-02,3.250000000000000111e-02,3.750000000000000555e-02,4.250000000000000305e-02,4.750000000000000056e-02,5.250000000000000500e-02,5.750000000000000250e-02,6.250000000000000000e-02,6.750000000000000444e-02,7.250000000000000888e-02,7.749999999999999944e-02
1.244915817754251985e-03,7.594213634557060374e-03,1.250000000000000069e-02,1.749999999999999820e-02,2.249999999999999917e-02,2.750000000000000014e-02,3.250000000000000111e-02,3.750000000000000555e-02,4.250000000000000305e-02,4.750000000000000056e-02,5.250000000000000500e-02,5.750000000000000250e-02,6.250000000000000000e-02,6.750000000000000444e-02,7.250000000000000888e-02,7.749999999999999944e-02
2.427767503479874057e-03,7.499999999999999722e-03,1.007617176696506620e-02,1.749999999999999820e-02,2.249999999999999917e-02,2.750000000000000014e-02,3.250000000000000111e-02,3.750000000000000555e-02,4.250000000000000305e-02,4.750000000000000056e-02,5.250000000000000500e-02,5.750000000000000250e-02,6.250000000000000000e-02,6.750000000000000444e-02,7.250000000000000888e-02,7.749999999999999944e-02
3.958300479639419861e-03,5.475609852695927961e-03,1.257470326626688832e-02,1.584253290236358261e-02,2.249999999999999917e-02,2.750000000000000014e-02,3.250000000000000111e-02,3.750000000000000555e-02,4.250000000000000305e-02,4.750000000000000056e-02,5.250000000000000500e-02,5.750000000000000250e-02,6.250000000000000000e-02,6.750000000000000444e-02,7.250000000000000888e-02,7.749999999999999944e-02
5.270095473654399154e-04,5.996067539527951719e-03,1.492899996704767293e-02,1.579964282438595102e-02,2.105704877134402173e-02,2.750000000000000014e-02,3.250000000000000111e-02,3.750000000000000555e-02,4.250000000000000305e-02,4.750000000000000056e-02,5.250000000000000500e-02,5.750000000000000250e-02,6.250000000000000000e-02,6.750000000000000444e-02,7.250000000000000888e-02,7.749999999999999944e-02
1.214174930902169091e-03,7.992023914189573877e-03,1.006929373787084948e-02,1.705398436210424709e-02,2.149601842967276827e-02,2.582047099467763701e-02,3.250000000000000111e-02,3.750000000000000555e-02,4.250000000000000305e-02,4.750000000000000056e-02,5.250000000000000500e-02,5.750000000000000250e-02,6.250000000000000000e-02,6.750000000000000444e-02,7.250000000000000888e-02,7.749999999999999944e-02
2.243607960361504623e-03,9.877040673040677135e-03,1.227780282321508203e-02,1.890521889856668081e-02,2.353622754799724465e-02,2.702983572116579580e-02,3.019543821462509700e-02,3.750000000000000555e-02,4.250000000000000305e-02,4.750000000000000056e-02,5.250000000000000500e-02,5.750000000000000250e-02,6.250000000000000000e-02,6.750000000000000444e-02,7.250000000000000888e-02,7.749999999999999944e-02
3.437840771583543752e-03,7.499999999999999722e-03,1.158962486493122362e-02,1.749999999999999820e-02,2.049101154180674178e-02,2.530229898619158410e-02,3.156998770066285487e-02,3.614149949800050943e-02,4.250000000000000305e-02,4.750000000000000056e-02,5.250000000000000500e-02,5.750000000000000250e-02,6.250000000000000000e-02,6.750000000000000444e-02,7.250000000000000888e-02,7.749999999999999944e-02
4.623683250439328957e-03,6.066103044612724746e-03,1.307210885957628584e-02,1.646925840152546963e-02,2.184058701780830156e-02,2.681145992756841026e-02,3.079688451319135059e-02,3.570841093538604932e-02,4.125695545319619378e-02,4.750000000000000056e-02,5.250000000000000500e-02,5.750000000000000250e-02,6.250000000000000000e-02,6.750000000000000444e-02,7.250000000000000888e-02,7.749999999999999944e-02
5.270095473654399154e-04,5.889079106579409549e-03,1.435419416330753310e-02,1.794332487213068025e-02,2.299569187246921706e-02,2.810965508011454075e-02,3.214292178392760824e-02,3.553357337335277116e-02,4.105533953214298565e-02,4.625664753825577818e-02,5.250000000000000500e-02,5.750000000000000250e-02,6.250000000000000000e-02,6.750000000000000444e-02,7.250000000000000888e-02,7.749999999999999944e-02
1.004789130952505639e-03,7.036148142390909709e-03,1.250000000000000069e-02,1.548941750818375040e-02,2.399496663905095750e-02,2.731554040561848945e-02,3.027044538040778859e-02,3.682469125540737548e-02,4.168869874075754184e-02,4.590861104491020944e-02,5.250000000000000500e-02,5.750000000000000250e-02,6.250000000000000000e-02,6.750000000000000444e-02,7.250000000000000888e-02,7.749999999999999944e-02
1.651196885352832671e-03,8.078837040584520290e-03,1.017867994847371227e-02,1.647975472899084609e-02,2.486769513048753960e-02,2.696591301982375830e-02,3.126573610431734873e-02,3.625764116549789334e-02,4.097052090221742215e-02,4.742891184178443797e-02,5.250000000000000500e-02,5.750000000000000250e-02,6.250000000000000000e-02,6.750000000000000444e-02,7.250000000000000888e-02,7.749999999999999944e-02
2.395177575653983319e-03,9.037835143737110027e-03,1.131529577183391401e-02,1.737141987429114548e-02,2.188493277095852896e-02,2.568463877651064667e-02,3.214517596392037213e-02,3.689599944978022572e-02,4.087464663348459176e-02,4.701494509632012098e-02,5.253070134454092960e-02,5.750000000000000250e-02,6.250000000000000000e-02,6.750000000000000444e-02,7.250000000000000888e-02,7.749999999999999944e-02
3.175789560538784702e-03,9.925823389896382826e-03,1.191869583223674478e-02,1.818565200572717575e-02,2.282709898056489023e-02,2.641528134321290480e-02,3.294791007969266605e-02,3.765286870050413293e-02,4.149386788381795310e-02,4.743995924296064148e-02,5.233820739354824031e-02,5.750000000000000250e-02,6.250000000000000000e-02,6.750000000000000444e-02,7.250000000000000888e-02,7.749999999999999944e-02
3.955429627133883776e-03,5.105830193852987919e-03,1.076215620566249066e-02,1.893569931225010453e-02,2.247682743076916470e-02,2.709054099101289650e-02,3.369167044367128716e-02,3.674575945469621407e-02,4.224596864544676034e-02,4.550075165544949229e-02,5.074886959357322036e-02,5.750000000000000250e-02,6.250000000000000000e-02,6.750000000000000444e-02,7.250000000000000888e-02,7.749999999999999944e-02
4.716501223530390925e-03,6.007857200674184862e-03,1.154105131240250499e-02,1.963376535508015719e-02,2.293042720969979548e-02,2.771454983186629265e-02,3.249474774938895111e-02,3.713630486881287773e-02,4.240648116396999318e-02,4.556501832467477198e-02,5.073590057129421377e-02,5.750000000000000250e-02,6.250000000000000000e-02,6.750000000000000444e-02,7.250000000000000888e-02,7.749999999999999944e-02
5.270095473654399154e-04,5.517566881657359756e-03,1.226997481308821775e-02,1.545897661733133116e-02,2.031366030981379689e-02,2.829336210421283873e-02,3.253774592385311887e-02,3.575337357735652172e-02,4.242913374331988563e-02,4.658240671434878133e-02,5.103878236461552309e-02,5.620680618577425514e-02,6.250000000000000000e-02,6.750000000000000444e-02,7.250000000000000888e-02,7.749999999999999944e-02
8.818831126436821148e-04,6.278916054623067192e-03,1.295870814903276116e-02,1.627978577465385990e-02,2.093207195293414133e-02,2.883957279605781424e-02,3.285521608697013207e-02,3.635405572929808343e-02,4.202336839749199610e-02,4.675552975224380597e-02,5.041826859043064407e-02,5.686946330452143095e-02,6.250000000000000000e-02,6.750000000000000444e-02,7.250000000000000888e-02,7.749999999999999944e-02
1.349328111704659961e-03,7.003495408935796022e-03,1.361201278426471539e-02,1.704148088836889008e-02,2.151765077139317431e-02,2.935585688051105605e-02,3.281540295625857973e-02,3.692249865455041885e-02,4.240106719820804781e-02,4.688899099988472208e-02,5.057494700752773742e-02,5.673450265379904878e-02,6.250000000000000000e-02,6.750000000000000444e-02,7.250000000000000888e-02,7.749999999999999944e-02
1.894620419286837092e-03,7.694741697022317202e-03,1.423370144245047521e-02,1.775825879709299129e-02,2.207421741478606675e-02,2.984682179487493231e-02,3.288741067112295469e-02,3.745501368654297752e-02,4.287969977675489680e-02,4.729448210620288556e-02,5.094293504040363352e-02,5.699879456721064497e-02,6.250000000000000000e-02,6.750000000000000444e-02,7.250000000000000888e-02,7.749999999999999944e-02
2.484576177850982698e-03,8.355078286475223909e-03,1.482660406438259318e-02,1.816056240383104661e-02,2.260500153696318876e-02,2.846848708093341340e-02,3.037170696848391985e-02,3.798597869610501748e-02,4.178729228061542345e-02,4.619780997791378407e-02,5.149169247443760589e-02,5.751276323660840101e-02,6.015697261365526849e-02,6.750000000000000444e-02,7.250000000000000888e-02,7.749999999999999944e-02
3.094245984045774361e-03,8.987555288849159371e-03,1.132360258118094223e-02,1.541296520039896374e-02,2.310995415382040979e-02,2.751312364635270791e-02,3.083216873278301143e-02,3.849148643349845772e-02,4.200624435285540276e-02,4.684295836600221169e-02,5.083128987288335066e-02,5.613245778780027312e-02,6.250000000000000000e-02,6.750000000000000444e-02,7.250000000000000888e-02,7.749999999999999944e-02
3.707335208295890056e-03,9.594428492423626512e-03,1.205543851587870773e-02,1.595746639971346720e-02,2.359275708716851438e-02,2.780178554660004894e-02,3.126780905835345459e-02,3.726238137656076588e-02,4.237584317952792362e-02,4.743511135546354951e-02,5.135110269649955511e-02,5.691316227726737204e-02,6.218518993544727702e-02,6.750000000000000444e-02,7.250000000000000888e-02,7.749999999999999944e-02
4.314300014856589129e-03,5.501918575552228012e-03,1.017937980376590681e-02,1.648064689853926540e-02,2.405656465960227808e-02,2.793346417220093567e-02,3.168361171728880515e-02,3.723850085104701835e-02,4.223985191576483389e-02,4.647416300039782650e-02,5.149298725370815566e-02,5.548341968548130276e-02,6.016687619643980994e-02,6.750000000000000444e-02,7.250000000000000888e-02,7.749999999999999944e-02
4.910125689266108158e-03,6.202232617742420816e-03,1.074159376105451869e-02,1.698430843254598172e-02,2.450275288574985805e-02,2.800756202274265472e-02,3.208471597582969459e-02,3.734723734540387058e-02,4.067362506020934243e-02,4.598745663098195713e-02,5.107026743736369639e-02,5.574107072782901601e-02,6.012886167921437791e-02,6.750000000000000444e-02,7.250000000000000888e-02,7.749999999999999944e-02
5.270095473654399154e-04,5.526325372596231980e-03,1.128359400404107572e-02,1.747002380689646750e-02,2.493302465353163314e-02,2.817762779141944757e-02,3.247222234342832942e-02,3.756861732751423655e-02,4.105990301394984998e-02,4.661281961578478406e-02,5.143419475444575145e-02,5.547367861455450300e-02,6.184486800378801580e-02,6.750000000000000444e-02,7.250000000000000888e-02,7.749999999999999944e-02
8.192787491532745698e-04,6.120657993122842477e-03,1.180678694514276407e-02,1.793914280886902204e-02,2.260121462479786764e-02,2.538520625010427453e-02,3.284725618276722325e-02,3.784583740217233039e-02,4.145987220626475706e-02,4.714983707012038866e-02,5.068628899801378568e-02,5.588362951210128909e-02,6.236448338728600715e-02,6.524324484226012855e-02,7.250000000000000888e-02,7.749999999999999944e-02
1.195239351161043887e-03,6.694020824469376629e-03,1.231145992995496576e-02,1.839223486679098310e-02,2.251859902225955209e-02,2.579169164635164782e-02,3.321071065461703165e-02,3.815128978400257609e-02,4.183903590496512032e-02,4.574324290945431387e-02,5.112151111480330024e-02,5.571657039576042442e-02,6.220139648965309492e-02,6.750000000000000444e-02,7.250000000000000888e-02,7.749999999999999944e-02
1.633061696941820115e-03,7.247752812052161292e-03,1.279984976582767067e-02,1.883098972611246813e-02,2.287691482295470952e-02,2.618570558756469491e-02,3.356122119716145602e-02,3.821966005175536640e-02,4.221411784934179373e-02,4.592217762786038326e-02,5.135401306851303943e-02,5.584774314838735626e-02,6.170651824856893813e-02,6.750000000000000444e-02,7.250000000000000888e-02,7.749999999999999944e-02
2.111372879429677767e-03,7.783264092418478927e-03,1.327317299870589551e-02,1.925644339296058924e-02,2.329902783746374065e-02,2.656809621498862350e-02,3.390166602504494225e-02,3.838985467003647178e-02,4.254956401064200616e-02,4.618923416882556032e-02,5.162684079911438600e-02,5.618995919894254759e-02,6.014449190148514479e-02,6.518185259883477189e-02,7.250000000000000888e-02,7.749999999999999944e-02
2.683594360900544342e-03,8.301582690317809918e-03,1.373221998124973808e-02,1.966936725048254800e-02,2.369690564748636041e-02,2.693612652727337894e-02,3.422146386563587606e-02,3.861110581221144367e-02,4.287992848765030673e-02,4.648106960586052133e-02,5.192880168275870040e-02,5.652373710631809073e-02,6.039264640610220169e-02,6.551742722596096136e-02,7.250000000000000888e-02,7.749999999999999944e-02
3.108061471288762860e-03,8.803903289399134940e-03,1.417799343943044500e-02,1.740513789444965778e-02,2.008946497276633755e-02,2.729329267438954792e-02,3.453302435299882012e-02,3.879743934932466248e-02,4.320300535195260166e-02,4.678414404910938990e-02,5.224593834957754618e-02,5.686420297954133257e-02,6.077284097427390619e-02,6.588507564410216177e-02,7.250000000000000888e-02,7.749999999999999944e-02
3.670827582523601609e-03,9.291250536326380038e-03,1.461131224152067282e-02,1.793601180723321600e-02,2.048057396999521107e-02,2.764093315259495698e-02,3.483698995699219259e-02,3.900770983513971585e-02,4.351792724121399808e-02,4.708711123996305037e-02,5.166242702982500740e-02,5.721442297269762473e-02,6.115205618041377050e-02,6.626341087266281182e-02,7.250000000000000888e-02,7.749999999999999944e-02
4.221090684457556863e-03,9.764448719330454801e-03,1.205743234468029633e-02,1.503558674591746851e-02,2.086144195213756811e-02,2.797961593382717813e-02,3.140774613019589601e-02,3.524919387649981528e-02,4.264855206821367012e-02,4.727680060852579302e-02,5.063536660922821758e-02,5.578540106790429859e-02,6.115956640680799555e-02,6.588128287483613343e-02,7.247575916493334547e-02,7.749999999999999944e-02
4.756629149043335898e-03,5.992977191423236663e-03,1.022427477993881687e-02,1.544746005698502053e-02,2.123256289360791332e-02,2.830982672693205943e-02,3.183094484069242530e-02,3.555057683641348054e-02,4.250116182157649691e-02,4.754873000164495933e-02,5.104248984049043064e-02,5.622352163052337509e-02,6.062385677493033892e-02,6.582894935831606897e-02,7.076598738231748564e-02,7.749999999999999944e-02
5.270095473654399154e-04,5.276851032979483665e-03,1.067149634840271373e-02,1.584891346553430475e-02,2.159450951013638584e-02,2.863158836978376212e-02,3.203575511846606244e-02,3.584531804154368617e-02,4.248125563294955637e-02,4.590510335298838424e-02,5.137648861354920937e-02,5.659067981594898683e-02,6.049611437466165947e-02,6.618908651422489298e-02,7.118570033458627988e-02,7.749999999999999944e-02
9.120990184265526926e-04,5.781926179381917906e-03,1.110685801473823738e-02,1.623918066378389480e-02,2.194774305811615298e-02,2.894579429704559337e-02,3.232831730586985947e-02,3.613360486276961242e-02,4.256877301912401906e-02,4.597445333382051830e-02,5.077412401433823580e-02,5.678970441629002663e-02,6.107266155849754713e-02,6.525092673993536374e-02,7.146701495838778118e-02,7.749999999999999944e-02
1.362536939737815037e-03,6.272401481701653757e-03,1.153107961904611262e-02,1.662008015423184493e-02,2.229200379171504542e-02,2.925225936721567374e-02,3.264357369337081427e-02,3.641577843409012083e-02,4.271785931654049906e-02,4.618653711687959601e-02,5.083329284299874240e-02,5.683907802302382711e-02,6.145059782692494088e-02,6.550495532123391806e-02,7.158886618354519393e-02,7.749999999999999944e-02
1.849366446057788219e-03,6.748968127505588707e-03,1.194452315500811601e-02,1.699205840937314735e-02,2.262842228522394389e-02,2.955194047351511477e-02,3.294943046404995995e-02,3.669213073011425713e-02,4.290314898663718374e-02,4.643842425090148607e-02,5.094139499847922387e-02,5.695118738419242127e-02,6.173229539815981021e-02,6.585824781122068261e-02,7.180765213766664157e-02,7.749999999999999944e-02
2.352486676460736371e-03,7.212400886060604116e-03,1.234790630049362355e-02,1.735557820126960513e-02,2.295741074475831506e-02,2.984520581824690391e-02,3.326060366412943864e-02,3.696295837595637429e-02,4.311026226635059772e-02,4.668988556760512998e-02,5.113498783179400847e-02,5.711561791178906139e-02,6.197468752237653145e-02,6.613381436878698616e-02,7.201963734887090185e-02,7.523515915515846531e-02
2.859061731059741804e-03,7.663367232620383815e-03,1.274178680940115001e-02,1.771106020451775412e-02,2.327933487863388662e-02,2.830708713604001420e-02,3.016711511581347122e-02,3.722584215746063685e-02,4.311755875213618000e-02,4.694930437740253010e-02,5.135945157767356217e-02,5.732744606672644794e-02,6.072265854461921658e-02,6.641995523666713308e-02,7.015513417727768652e-02,7.548924621923168432e-02
3.361344168625461301e-03,8.102728400762850003e-03,1.312660478755987674e-02,1.805879587156232480e-02,2.359448410334307952e-02,2.871005691262075443e-02,3.045371286087015725e-02,3.748360076951320896e-02,4.320368249062539467e-02,4.720714766417644787e-02,5.157564557610603423e-02,5.754650105412327521e-02,6.079907974978606550e-02,6.536484250425186882e-02,7.160106713619333874e-02,7.691131431347061898e-02
3.855002374339302779e-03,8.530800874509575707e-03,1.350281004218389057e-02,1.839919776518253447e-02,2.390314606106872311e-02,2.872237181921931393e-02,3.073461191529467187e-02,3.773653463911454120e-02,4.333503847335565956e-02,4.746284746109982744e-02,5.179523233464475296e-02,5.686761976427628928e-02,6.097148804016070539e-02,6.532252990343685728e-02,7.178256420469437959e-02,7.695826131052906083e-02
4.337861150955144365e-03,8.948556925737030307e-03,1.387084550335182694e-02,1.873261881897173367e-02,2.420566803550023433e-02,2.880612005654504398e-02,3.100624892057689264e-02,3.797891045455410036e-02,4.349516936417058971e-02,4.771613812223653855e-02,5.201888489638131080e-02,5.681394664255887822e-02,6.076374130196920964e-02,6.581170119758406045e-02,7.186445126668929151e-02,7.715404264265370016e-02
4.809000939507476063e-03,9.356110881328863135e-03,1.423103147203628668e-02,1.905934156686670336e-02,2.450230140812102719e-02,2.894731868643626166e-02,3.127270427674558317e-02,3.821739401391852781e-02,4.367371987390475385e-02,4.796624972644289442e-02,5.224282602082635368e-02,5.659274205054386914e-02,6.087796451600938769e-02,6.587297541510178656e-02,7.183737203098765345e-02,7.692019744744817145e-02
2.666058460588303838e-03,9.567934778056173470e-03,1.458377781471030532e-02,1.937967999049248005e-02,2.479331708504100770e-02,2.912269533751437808e-02,3.153428990325069653e-02,3.845159867257504777e-02,4.382393332578787132e-02,4.820515471441538802e-02,5.237634952299811963e-02,5.584581925001289027e-02,6.117665998011790479e-02,6.611587647346500729e-02,7.183421120719442332e-02,7.703244407251366721e-02
2.666058460588303838e-03,9.953716076217289030e-03,1.492940343858613524e-02,1.969389646342058209e-02,2.434173685409362839e-02,2.509185694622340090e-02,3.179120545498260314e-02,3.867972830212367680e-02,4.377130582423177652e-02,4.844048842440325936e-02,5.253244879787691973e-02,5.597472952144190439e-02,6.142052132579745721e-02,6.625358637701346531e-02,7.027040430693629047e-02,7.738696456081999020e-02
2.666058460588303838e-03,7.499999999999999722e-03,1.033519831461304252e-02,1.526830601465139180e-02,2.000309071000365771e-02,2.537326983572017053e-02,3.204362886258153159e-02,3.890394176469305632e-02,4.374802493946743781e-02,4.772841405150485272e-02,5.268345640460770501e-02,5.615051830984132963e-02,6.164620188734760281e-02,6.653495668724622447e-02,7.062085829694583761e-02,7.629545500342227449e-02
2.666058460588303838e-03,7.499999999999999722e-03,1.070919944248242134e-02,1.560069141657976013e-02,2.030586146037793166e-02,2.564976257953410776e-02,3.229174765110402051e-02,3.912457946848148932e-02,4.376518851366071466e-02,4.751489428736568876e-02,5.277417695605741282e-02,5.615781883575812761e-02,6.164297809702209280e-02,6.665204284378761779e-02,7.062002239861270292e-02,7.654509712335576255e-02
2.666058460588303838e-03,7.499999999999999722e-03,1.107543111597955598e-02,1.592669262969614516e-02,2.060321314202828019e-02,2.592148777698923684e-02,3.253511039139220240e-02,3.933928450186972847e-02,4.381309181833850652e-02,4.748325854563794496e-02,5.284662362078795805e-02,5.617315390971489020e-02,6.158079897313422507e-02,6.669743005803051294e-02,7.059104942128303917e-02,7.667271218586539649e-02
2.666058460588303838e-03,7.499999999999999722e-03,1.143415603984320773e-02,1.624667789921807950e-02,2.089535398228114377e-02,2.618770924718743717e-02,3.277412798668983412e-02,3.955081957603712867e-02,4.388769708537189340e-02,4.754020903738359616e-02,5.292086292774852985e-02,5.621176579482791563e-02,6.154272184734693035e-02,6.672896932644943602e-02,7.056777726280190344e-02,7.674285701978264540e-02
2.666058460588303838e-03,7.499999999999999722e-03,1.178565104037586179e-02,1.656087877641254300e-02,2.118247703174640575e-02,2.644948692068000221e-02,3.300932425800755937e-02,3.975927352055712294e-02,4.398265592385611905e-02,4.759678010659657010e-02,5.169724373791843158e-02,5.630016120140782926e-02,6.156703704908471353e-02,6.678436478902026463e-02,7.059905205159995589e-02,7.677098852039973553e-02
2.666058460588303838e-03,7.499999999999999722e-03,1.213022803650491525e-02,1.686951731445190603e-02,2.146476728881044349e-02,2.670699789980550756e-02,3.324083290502386628e-02,3.996475560154526263e-02,4.409370972197342725e-02,4.768792785361170711e-02,5.152144977088198019e-02,5.640883327929189367e-02,6.131685143031460200e-02,6.669491428317853021e-02,7.064792543201811603e-02,7.626398312314670858e-02
2.666058460588303838e-03,7.499999999999999722e-03,1.246821564794777654e-02,1.717281135062797420e-02,2.174240384691737346e-02,2.696039893799619808e-02,3.346878768535641036e-02,3.802521663114302036e-02,4.035843277129173845e-02,4.780774577894740529e-02,5.155552952408224560e-02,5.654092989160247607e-02,6.131469876886742193e-02,6.659971143256360193e-02,7.055679131946360205e-02,7.609351775507854077e-02
2.666058460588303838e-03,7.499999999999999722e-03,1.279981400525671310e-02,1.747091622338766553e-02,2.201543841117684086e-02,2.720979460783370940e-02,3.369324630875235316e-02,3.830381022831766402e-02,4.056929337665146629e-02,4.794456892835297079e-02,5.166813517652181498e-02,5.668373453140968660e-02,6.138157838462293681e-02,6.657149250168979682e-02,7.060939910926071483e-02,7.602107746625733076e-02
2.666058460588303838e-03,7.499999999999999722e-03,1.312539535253809918e-02,1.776405972286734455e-02,2.228412969721621159e-02,2.745535332048747515e-02,3.391438120867189959e-02,3.856690778736383135e-02,4.077752626412024795e-02,4.809371838047800385e-02,5.181412389546019570e-02,5.683866918830043913e-02,6.149175922113555431e-02,6.660657833441929743e-02,7.072471482807554666e-02,7.604042607658244302e-02
2.666058460588303838e-03,7.499999999999999722e-03,1.344513168389577414e-02,1.805240496938732842e-02,2.254862414057044046e-02,2.769714661543849418e-02,3.413225136995995390e-02,3.882242452671137017e-02,4.098294751831930982e-02,4.825192085894235150e-02,5.197999846840194865e-02,5.700355119003779752e-02,6.162914536225307799e-02,6.668960151111749668e-02,7.088014809640111324e-02,7.612701743896842232e-02
2.666058460588303838e-03,7.499999999999999722e-03,1.375930057593847608e-02,1.833614074894092047e-02,2.280907635465167366e-02,2.793536310927140914e-02,3.434682331995473487e-02,3.890815777785880392e-02,4.118265884541845445e-02,4.827009997407974429e-02,5.215291942946073678e-02,5.717546919488896567e-02,6.178455601368464112e-02,6.654254038779157387e-02,7.106998460472996326e-02,7.529249598296072765e-02
2.666058460588303838e-03,7.499999999999999722e-03,1.406808782098584523e-02,1.861541556991412258e-02,2.306561342008431326e-02,2.817011526429035947e-02,3.455835180290239145e-02,3.905559061364395623e-02,4.137964694490799122e-02,4.833057112104231778e-02,5.233073130447220278e-02,5.734208771199941074e-02,6.193650499205350518e-02,6.657641999172989045e-02,7.117339280603794671e-02,7.548298491939620103e-02
2.666058460588303838e-03,7.499999999999999722e-03,1.437169906092330973e-02,1.889038181603907435e-02,2.331836226630027917e-02,2.840151498150784298e-02,3.476695506146199738e-02,3.912500084243065307e-02,4.157166723706250122e-02,4.841793129402788970e-02,5.251124263634854294e-02,5.743223013306241603e-02,6.118404711879323749e-02,6.663921018677795849e-02,7.133608199517180171e-02,7.568720782161035554e-02
2.666058460588303838e-03,7.499999999999999722e-03,1.467030877384654756e-02,1.916117647904830301e-02,2.356744242754454932e-02,2.862966615957726960e-02,3.497272266786709966e-02,3.920378726479797210e-02,4.176155794674021177e-02,4.852445517571693512e-02,5.269326046169731798e-02,5.753788348516260948e-02,6.113034828634347773e-02,6.688862208754098315e-02,7.118576275417211330e-02,7.540742117300465452e-02
2.666058460588303838e-03,7.499999999999999722e-03,1.496410998242129337e-02,1.942794062368510821e-02,2.381297309249348626e-02,2.885464315458203047e-02,3.296620831335952267e-02,3.520913934727763761e-02,4.194932363954056304e-02,4.864716048850460661e-02,5.288039607440448570e-02,5.765904767652300228e-02,6.118751775934476445e-02,6.710676645298670195e-02,7.097590383082733045e-02,7.542771959394611869e-02
2.666058460588303838e-03,7.499999999999999722e-03,1.250000000000000069e-02,1.952977284548382611e-02,2.405504270523906377e-02,2.907654907639618119e-02,3.327534918532332187e-02,3.541069982594656496e-02,4.213491451797905102e-02,4.878017422091234651e-02,5.306701609790507451e-02,5.779029155930050926e-02,6.130903405570949788e-02,6.682842616594396323e-02,7.100725116891999644e-02,7.551300416301674756e-02
2.666058460588303838e-03,7.499999999999999722e-03,1.250000000000000069e-02,1.978836371263806987e-02,2.429377006293717209e-02,2.929548860250554693e-02,3.354830907406478047e-02,3.560973819414234298e-02,4.231839725466193802e-02,4.892103471472460108e-02,5.325244839205034442e-02,5.792993140327041407e-02,6.145714372564880373e-02,6.676056074124459006e-02,7.079055802839175071e-02,7.567158527586589911e-02
2.666058460588303838e-03,7.499999999999999722e-03,1.250000000000000069e-02,1.749999999999999820e-02,2.416696245154166880e-02,2.951155932524509792e-02,3.378597732722369434e-02,3.580627146474055222e-02,4.249633888623346317e-02,4.889881139002363181e-02,5.343732983234932704e-02,5.805954059526578781e-02,6.162003864091479544e-02,6.679042876942520301e-02,7.086301293766743281e-02,7.576654598585921829e-02
2.666058460588303838e-03,7.499999999999999722e-03,1.250000000000000069e-02,1.749999999999999820e-02,2.439893291236044232e-02,2.972483797563294991e-02,3.402588827026742369e-02,3.600036982800565444e-02,4.267151079759300136e-02,4.889773888591264495e-02,5.361893026439915749e-02,5.819028403159376417e-02,6.177087776910213102e-02,6.603733244903935151e-02,7.096884416763575565e-02,7.596232646137690558e-02
2.666058460588303838e-03,7.499999999999999722e-03,1.250000000000000069e-02,1.749999999999999820e-02,2.462900635588130549e-02,2.993540601032756640e-02,3.426539426425666279e-02,3.619210292124815792e-02,4.284467168794813680e-02,4.889732656132291660e-02,5.305783552675147341e-02,5.831846550783210958e-02,6.192444555760300701e-02,6.600401772791419930e-02,7.114774240650618975e-02,7.608898715014437986e-02
2.666058460588303838e-03,7.499999999999999722e-03,1.250000000000000069e-02,1.749999999999999820e-02,2.485617868134252714e-02,2.750000000000000014e-02,3.015098800113085939e-02,3.638153238889958729e-02,4.301589519714616588e-02,4.891615763762471175e-02,5.282475822905141616e-02,5.843337326596377557e-02,6.200946515800523362e-02,6.608044566047673041e-02,7.124351266898432122e-02,7.620087019455898392e-02
2.666058460588303838e-03,7.499999999999999722e-03,1.250000000000000069e-02,1.749999999999999820e-02,2.249999999999999917e-02,2.508049805141078503e-02,3.035640517073100869e-02,3.656782464525713816e-02,4.318378479410661663e-02,4.895390623923709383e-02,5.272354419240744827e-02,5.805521296585081092e-02,6.206400998396219976e-02,6.618158006624132172e-02,7.130829670620379701e-02,7.627955529065845452e-02
2.666058460588303838e-03,7.499999999999999722e-03,1.250000000000000069e-02,1.749999999999999820e-02,2.249999999999999917e-02,2.530203849357149856e-02,3.055932387629543487e-02,3.675193497734181858e-02,4.334993250097406159e-02,4.900719085720215557e-02,5.270291071862399229e-02,5.786394212346749472e-02,6.211337508238168326e-02,6.621796582894785843e-02,7.130100373276843095e-02,7.624839256054441461e-02
2.666058460588303838e-03,7.499999999999999722e-03,1.250000000000000069e-02,1.749999999999999820e-02,2.249999999999999917e-02,2.552087337176330364e-02,3.075981544956547103e-02,3.693393117014721894e-02,4.351435178411462712e-02,4.907330214098525045e-02,5.273241539048564852e-02,5.777015874124058481e-02,6.216448811787455425e-02,6.624595552105172480e-02,7.113502897659418345e-02,7.624054028362844959e-02
2.666058460588303838e-03,7.499999999999999722e-03,1.250000000000000069e-02,1.749999999999999820e-02,2.249999999999999917e-02,2.573707267355969386e-02,3.095794517428521533e-02,3.711386936042476714e-02,4.367708533294697992e-02,4.915007035076374847e-02,5.275647186985318871e-02,5.700165103448166792e-02,6.222307362364615929e-02,6.625519608636733226e-02,7.124832323410640322e-02,7.619328285038719228e-02
2.666058460588303838e-03,7.499999999999999722e-03,1.250000000000000069e-02,1.749999999999999820e-02,2.249999999999999917e-02,2.595070286711996521e-02,3.115377451826856214e-02,3.729180212528814681e-02,4.383817429023105505e-02,4.923574062772083371e-02,5.280431792181232431e-02,5.678804873351112753e-02,6.228402177189856781e-02,6.648874762810229322e-02,7.133567891433058306e-02,7.620543982056131316e-02
2.666058460588303838e-03,7.499999999999999722e-03,1.250000000000000069e-02,1.749999999999999820e-02,2.249999999999999917e-02,2.616182756012864000e-02,3.134736194559419042e-02,3.746777946241298951e-02,4.399765776042349058e-02,4.932887971728668747e-02,5.287190344615357029e-02,5.673873763886172483e-02,6.238536111050808908e-02,6.668809090679267415e-02,7.145052804937988833e-02,7.622861691843955956e-02
2.666058460588303838e-03,7.499999999999999722e-03,1.250000000000000069e-02,1.749999999999999820e-02,2.249999999999999917e-02,2.637050907162611507e-02,3.153876469829165752e-02,3.764185042947416210e-02,4.415557414098317257e-02,4.942830881802360438e-02,5.295457943939468198e-02,5.676884904679286442e-02,6.248986299528711680e-02,6.683979834622985616e-02,7.158112569872973618e-02,7.627642515606604390e-02
2.666058460588303838e-03,7.499999999999999722e-03,1.250000000000000069e-02,1.749999999999999820e-02,2.249999999999999917e-02,2.657680794754900544e-02,3.172803768359269694e-02,3.781406204319257697e-02,4.431196043991909861e-02,4.953304957225278943e-02,5.304888363736316031e-02,5.684141450045449712e-02,6.255387512002823225e-02,6.699157871177881252e-02,7.171595222196608388e-02,7.598169515431969778e-02
2.666058460588303838e-03,7.499999999999999722e-03,1.250000000000000069e-02,1.749999999999999820e-02,2.249999999999999917e-02,2.678078106368383254e-02,3.191523253300609236e-02,3.798402426924134268e-02,4.446497831297571701e-02,4.964228681720590092e-02,5.315224012557302757e-02,5.693865085400214021e-02,6.263194096728109950e-02,6.713932887580932596e-02,7.185415228107566721e-02,7.599159137427508037e-02
2.666058460588303838e-03,7.499999999999999722e-03,1.250000000000000069e-02,1.749999999999999820e-02,2.249999999999999917e-02,2.698248559706941871e-02,3.210040096337970356e-02,3.815218293506464353e-02,4.461664008369937290e-02,4.975530444614736231e-02,5.326262827931707577e-02,5.705131125018138294e-02,6.269161775463261144e-02,6.651200423990707988e-02,7.198757532867280928e-02,7.605827040858006982e-02
2.666058460588303838e-03,7.499999999999999722e-03,1.250000000000000069e-02,1.749999999999999820e-02,2.249999999999999917e-02,2.718197516669579317e-02,3.228359126646036803e-02,3.831860096456347897e-02,4.476693931110529989e-02,4.987152172098026359e-02,5.337858684158298256e-02,5.717420581224803844e-02,6.276165710848996548e-02,6.635827702554109031e-02,7.203703612384705635e-02,7.621488527880142250e-02
2.666058460588303838e-03,7.499999999999999722e-03,1.250000000000000069e-02,1.749999999999999820e-02,2.249999999999999917e-02,2.737930275497346688e-02,3.246485106910017987e-02,3.848332039782832725e-02,4.491572544067657519e-02,4.724854850404537621e-02,5.084905945581909975e-02,5.728661439990615639e-02,6.236372126070581501e-02,6.639645414080602714e-02,7.206268025431926405e-02,7.616212874984272518e-02
2.666058460588303838e-03,7.499999999999999722e-03,1.250000000000000069e-02,1.749999999999999820e-02,2.249999999999999917e-02,2.757451516763095162e-02,3.264422229670349562e-02,3.864637754556478344e-02,4.197995002060877362e-02,4.507871661642733757e-02,5.101436267795318724e-02,5.737047315968069744e-02,6.222130761411028693e-02,6.644599491328746776e-02,7.208883145933192571e-02,7.615935488091776784e-02
2.666058460588303838e-03,7.499999999999999722e-03,1.250000000000000069e-02,1.749999999999999820e-02,2.249999999999999917e-02,2.776766153083580144e-02,3.282174892004980499e-02,3.880781052374539936e-02,4.223625148891847758e-02,4.523233942692639342e-02,5.117978290335741670e-02,5.746883116446094980e-02,6.218443528964241740e-02,6.651282322008002235e-02,7.212629924369616530e-02,7.618332779985353964e-02
2.666058460588303838e-03,7.499999999999999722e-03,1.250000000000000069e-02,1.749999999999999820e-02,2.249999999999999917e-02,2.795879046000303986e-02,3.299742049276683381e-02,3.896760838554762241e-02,4.244928096041768878e-02,4.538462166246751139e-02,5.134390900008597297e-02,5.757678755445489599e-02,6.220634878524233108e-02,6.659479628810688334e-02,7.217852700405867628e-02,7.623122157137289523e-02
2.666058460588303838e-03,7.499999999999999722e-03,1.250000000000000069e-02,1.749999999999999820e-02,2.249999999999999917e-02,2.814794696455617459e-02,3.317132714178507719e-02,3.912585704379737545e-02,4.264914122584737705e-02,4.553558732142125309e-02,5.150670882996644800e-02,5.769191253182504725e-02,6.226431670291902865e-02,6.668918324527992048e-02,7.224549434498533929e-02,7.629930554063844850e-02
2.666058460588303838e-03,7.499999999999999722e-03,1.250000000000000069e-02,1.749999999999999820e-02,2.249999999999999917e-02,2.833517507704942304e-02,3.334351037577423793e-02,3.928258967287055758e-02,4.284258555367086857e-02,4.568526259306911197e-02,5.166819838505697093e-02,5.781229092896391503e-02,6.232841789885363443e-02,6.666671149919166373e-02,7.232221334457666906e-02,7.638227564318968155e-02
2.666058460588303838e-03,7.499999999999999722e-03,1.250000000000000069e-02,1.749999999999999820e-02,2.249999999999999917e-02,2.852051784126801923e-02,3.351400860348403149e-02,3.943783945072261432e-02,4.303191446466549108e-02,4.583367323566295282e-02,5.182839624466775014e-02,5.793681697830133093e-02,6.241118978731021588e-02,6.671220228770756433e-02,7.239499027628981676e-02,7.646886262250635058e-02
2.666058460588303838e-03,7.499999999999999722e-03,1.250000000000000069e-02,1.749999999999999820e-02,2.249999999999999917e-02,2.870401657982141197e-02,3.368285859270315347e-02,3.959163818464933593e-02,4.321813604874176484e-02,4.598084386098644227e-02,5.198732057752852159e-02,5.806454559094654383e-02,6.250754620981778531e-02,6.678845039170012987e-02,7.247239291624638091e-02,7.656363163553758788e-02
2.666058460588303838e-03,7.499999999999999722e-03,1.250000000000000069e-02,1.749999999999999820e-02,2.249999999999999917e-02,2.888571044462091147e-02,3.385009507941869750e-02,3.974401591225251718e-02,4.340177043670764845e-02,4.612266634841820367e-02,5.212099781420764799e-02,5.819470415896210724e-02,6.261368210475734553e-02,6.686939547102761783e-02,7.175477100039100165e-02,7.667066056138319152e-02
2.666058460588303838e-03,7.499999999999999722e-03,1.250000000000000069e-02,1.749999999999999820e-02,2.249999999999999917e-02,2.906563912011067216e-02,3.401575342503176946e-02,3.989500330576694481e-02,4.358312761574312938e-02,4.626313990202710058e-02,5.225619806156155817e-02,5.831678446337220517e-02,6.272586282158047755e-02,6.696350861064542803e-02,7.157259234008857274e-02,7.674531624594109480e-02
2.666058460588303838e-03,7.499999999999999722e-03,1.250000000000000069e-02,1.749999999999999820e-02,2.249999999999999917e-02,2.924384045434797602e-02,3.417986720129478212e-02,3.684493016820026418e-02,4.005776719494644894e-02,4.640243610320836376e-02,5.239172271804651976e-02,5.844188485732570992e-02,6.284362073566994444e-02,6.705467138961561380e-02,7.128894170113089790e-02,7.680983262211819873e-02
2.666058460588303838e-03,7.499999999999999722e-03,1.250000000000000069e-02,1.749999999999999820e-02,2.249999999999999917e-02,2.942034589489998797e-02,3.434246413575358509e-02,3.710170100195818443e-02,4.020743468034045087e-02,4.653998966041692636e-02,5.252331282960981396e-02,5.856840304377019385e-02,6.296476148137071516e-02,6.714877771354418878e-02,7.123468615566773410e-02,7.685369345354840787e-02
2.666058460588303838e-03,7.499999999999999722e-03,1.250000000000000069e-02,1.749999999999999820e-02,2.249999999999999917e-02,2.959519396629653812e-02,3.450357859336482952e-02,3.731902502075039318e-02,4.035504536466535952e-02,4.667582857690914799e-02,5.263429772205405893e-02,5.827561289761276631e-02,6.308890694310835545e-02,6.725102088491909103e-02,7.126274797184439791e-02,7.689782446531112647e-02
2.666058460588303838e-03,7.499999999999999722e-03,1.250000000000000069e-02,1.749999999999999820e-02,2.249999999999999917e-02,2.976841851999590532e-02,3.466324030557086516e-02,3.752420786381670259e-02,4.050136094670554743e-02,4.681062870324708552e-02,5.274464149280992664e-02,5.812167890321192493e-02,6.320812352184855543e-02,6.734326273503132843e-02,7.129693581924993750e-02,7.694060756820822466e-02
2.666058460588303838e-03,7.499999999999999722e-03,1.250000000000000069e-02,1.749999999999999820e-02,2.249999999999999917e-02,2.994005544223796861e-02,3.482148145228947111e-02,3.772336443203486156e-02,4.064642556173581750e-02,4.694437823204916649e-02,5.285555177718343628e-02,5.804275220051964557e-02,6.332409222291440765e-02,6.743082892670103357e-02,7.134118130082113540e-02,7.698772878561485622e-02
2.666058460588303838e-03,7.499999999999999722e-03,1.250000000000000069e-02,1.749999999999999820e-02,2.249999999999999917e-02,2.750000000000000014e-02,3.402924283240937181e-02,3.791113095898564905e-02,4.079023522803724294e-02,4.707713841077864475e-02,5.296722530668027118e-02,5.799768933689988110e-02,6.307077515694722858e-02,6.751746392662795471e-02,7.139021606181997215e-02,7.704105020590909514e-02
2.666058460588303838e-03,7.499999999999999722e-03,1.250000000000000069e-02,1.749999999999999820e-02,2.249999999999999917e-02,2.750000000000000014e-02,3.418433645331291071e-02,3.807762056241398296e-02,4.093283472119217670e-02,4.720887653091331709e-02,5.307930997449623184e-02,5.798680028222506777e-02,6.294031505384421743e-02,6.759807685426037771e-02,7.143292102916161401e-02,7.708819688787417468e-02
2.666058460588303838e-03,7.499999999999999722e-03,1.250000000000000069e-02,1.749999999999999820e-02,2.249999999999999917e-02,2.750000000000000014e-02,3.434026783563511043e-02,3.824158047749409012e-02,4.107423345533821324e-02,4.733959652414308772e-02,5.319171991507051084e-02,5.800191281554789580e-02,6.287606787480143344e-02,6.767622266125834785e-02,7.147791958207273810e-02,7.713420544905784382e-02
2.666058460588303838e-03,7.499999999999999722e-03,1.250000000000000069e-02,1.749999999999999820e-02,2.249999999999999917e-02,2.750000000000000014e-02,3.449494265170084673e-02,3.840366732936237315e-02,4.121447174333858765e-02,4.746933294863797670e-02,5.330440217357578642e-02,5.803664047043012586e-02,6.285578602508289092e-02,6.775414260249812415e-02,7.152874888497116890e-02,7.718242856902471360e-02
2.666058460588303838e-03,7.499999999999999722e-03,1.250000000000000069e-02,1.749999999999999820e-02,2.249999999999999917e-02,2.750000000000000014e-02,3.464832106347211921e-02,3.856395698623927421e-02,4.135357273246928478e-02,4.759810490015598666e-02,5.341729629639249688e-02,5.808644460555733441e-02,6.286628516831782587e-02,6.783324349317400304e-02,7.158668519515347384e-02,7.723502639492617339e-02
2.666058460588303838e-03,7.499999999999999722e-03,1.250000000000000069e-02,1.749999999999999820e-02,2.249999999999999917e-02,2.750000000000000014e-02,3.480042488425999503e-02,3.872250258327235989e-02,4.149155724103423953e-02,4.772592904632304983e-02,5.353034413612333536e-02,5.812755522902880029e-02,6.261827538605331533e-02,6.791392812648182342e-02,7.163970686731492565e-02,7.680214963665446537e-02
2.666058460588303838e-03,7.499999999999999722e-03,1.250000000000000069e-02,1.749999999999999820e-02,2.249999999999999917e-02,2.750000000000000014e-02,3.495127802634297176e-02,3.887935505805372588e-02,4.162844621631931613e-02,4.785282211372129946e-02,5.364349522536235315e-02,5.817728292002122964e-02,6.250720074121052239e-02,6.798990361075807343e-02,7.168686008275586274e-02,7.665400175027817231e-02
2.666058460588303838e-03,7.499999999999999722e-03,1.250000000000000069e-02,1.749999999999999820e-02,2.249999999999999917e-02,2.750000000000000014e-02,3.250000000000000111e-02,3.510125337016585523e-02,4.176425938693692497e-02,4.797880011565216346e-02,5.375670534570308606e-02,5.823566477735808711e-02,6.246462839542929468e-02,6.806404462225437713e-02,7.173523187176020222e-02,7.660679927158532687e-02
2.666058460588303838e-03,7.499999999999999722e-03,1.250000000000000069e-02,1.749999999999999820e-02,2.249999999999999917e-02,2.750000000000000014e-02,3.250000000000000111e-02,3.524967254149384555e-02,4.189901601939494818e-02,4.810387813299904503e-02,5.386992759373895878e-02,5.830130535632053329e-02,6.246506339620738063e-02,6.813813917976960233e-02,7.178785592954289863e-02,7.661144459409297003e-02
2.666058460588303838e-03,7.499999999999999722e-03,1.250000000000000069e-02,1.749999999999999820e-02,2.249999999999999917e-02,2.750000000000000014e-02,3.250000000000000111e-02,3.539690789257925879e-02,4.203273480239800436e-02,4.822807106643901831e-02,5.398312230944883605e-02,5.837303789083654604e-02,6.249430267261719268e-02,6.821333076115106142e-02,7.184609104358262444e-02,7.664660705506751159e-02
2.666058460588303838e-03,7.499999999999999722e-03,1.250000000000000069e-02,1.749999999999999820e-02,2.249999999999999917e-02,2.750000000000000014e-02,3.250000000000000111e-02,3.554297985721771580e-02,4.216543399009230891e-02,4.835139352101747862e-02,5.409625340755536138e-02,5.844990796626096247e-02,6.253234820504606495e-02,6.798718984675246324e-02,7.191085456175964896e-02,7.669636515831083912e-02
2.666058460588303838e-03,7.499999999999999722e-03,1.250000000000000069e-02,1.749999999999999820e-02,2.249999999999999917e-02,2.750000000000000014e-02,3.250000000000000111e-02,3.568790883956031446e-02,4.229713133324140839e-02,4.847385967302397097e-02,5.420928778121351932e-02,5.853112880160315362e-02,6.258550455939018708e-02,6.786166094552890937e-02,7.197800392434709760e-02,7.673021649610736739e-02
2.666058460588303838e-03,7.499999999999999722e-03,1.250000000000000069e-02,1.749999999999999820e-02,2.249999999999999917e-02,2.750000000000000014e-02,3.250000000000000111e-02,3.583171483229755788e-02,4.242718906998054623e-02,4.859365411816841257e-02,5.432219698382356743e-02,5.861604160990106782e-02,6.262778125298860965e-02,6.739503480178120343e-02,7.204891129434788655e-02,7.675020093908217766e-02
2.666058460588303838e-03,7.499999999999999722e-03,1.250000000000000069e-02,1.749999999999999820e-02,2.249999999999999917e-02,2.750000000000000014e-02,3.250000000000000111e-02,3.597441740901807794e-02,4.255623949105043213e-02,4.871273432714597756e-02,5.443494123879540764e-02,5.870404136141812307e-02,6.267938487252890101e-02,6.718838891946649072e-02,7.211647381014232860e-02,7.669401246827013685e-02
2.666058460588303838e-03,7.499999999999999722e-03,1.250000000000000069e-02,1.749999999999999820e-02,2.249999999999999917e-02,2.750000000000000014e-02,3.250000000000000111e-02,3.611603567772318085e-02,4.268432935734911560e-02,4.883105698764921010e-02,5.454749604154283255e-02,5.879467906615277323e-02,6.273990310663221659e-02,6.709431641330465546e-02,7.219523690989333720e-02,7.683922347977860390e-02
2.666058460588303838e-03,7.499999999999999722e-03,1.250000000000000069e-02,1.749999999999999820e-02,2.249999999999999917e-02,2.750000000000000014e-02,3.250000000000000111e-02,3.625658812234224676e-02,4.281147603158413223e-02,4.894695860675229299e-02,5.460981950327609136e-02,5.888760307121816001e-02,6.280769322213215766e-02,6.706285415104380754e-02,7.227521388021942994e-02,7.696436561609011628e-02
2.666058460588303838e-03,7.499999999999999722e-03,1.250000000000000069e-02,1.749999999999999820e-02,2.249999999999999917e-02,2.750000000000000014e-02,3.250000000000000111e-02,3.639609268984072415e-02,4.293769546327161346e-02,4.906187621428573925e-02,5.467644986774506527e-02,5.898234170869414567e-02,6.288065599751498091e-02,6.706716183533499576e-02,7.235591929746355844e-02,7.708685495233556784e-02
2.666058460588303838e-03,7.499999999999999722e-03,1.250000000000000069e-02,1.749999999999999820e-02,2.249999999999999917e-02,2.750000000000000014e-02,3.250000000000000111e-02,3.653456692424309621e-02,4.306300313342547453e-02,4.917600227775062449e-02,5.474390272484438297e-02,5.898627421534306803e-02,6.295796489991123401e-02,6.709546192328945391e-02,7.242584983857690284e-02,7.694239915707908051e-02
2.666058460588303838e-03,7.499999999999999722e-03,1.250000000000000069e-02,1.749999999999999820e-02,2.249999999999999917e-02,2.750000000000000014e-02,3.250000000000000111e-02,3.667202777538053349e-02,4.318741406447745151e-02,4.928935580391879956e-02,5.481274243380223482e-02,5.900597934981666182e-02,6.303866682468338423e-02,6.713786030946737593e-02,7.249595197917002576e-02,7.687619609660556463e-02
2.666058460588303838e-03,7.499999999999999722e-03,1.250000000000000069e-02,1.749999999999999820e-02,2.249999999999999917e-02,2.750000000000000014e-02,3.250000000000000111e-02,3.680849195457086553e-02,4.331094297734064402e-02,4.940194945781899855e-02,5.488340261386097374e-02,5.903643222711948274e-02,6.312222237396220015e-02,6.719087240205587341e-02,7.256757491113630110e-02,7.684910958711013707e-02
2.666058460588303838e-03,7.499999999999999722e-03,1.250000000000000069e-02,1.749999999999999820e-02,2.249999999999999917e-02,2.750000000000000014e-02,3.250000000000000111e-02,3.694397557420762979e-02,4.343360411650199621e-02,4.951379521883118168e-02,5.495575066817686566e-02,5.907316250125154572e-02,6.316426514059202135e-02,6.725215149325998454e-02,7.264096135118529307e-02,7.684995726459561971e-02
2.666058460588303838e-03,7.499999999999999722e-03,1.250000000000000069e-02,1.749999999999999820e-02,2.249999999999999917e-02,2.750000000000000014e-02,3.250000000000000111e-02,3.707849450608793895e-02,4.355541148182975886e-02,4.962490484255405870e-02,5.256409520674610453e-02,5.580459478110913474e-02,6.322487269785520558e-02,6.734086346877581064e-02,7.254185933525206242e-02,7.674040814995208848e-02
2.666058460588303838e-03,7.499999999999999722e-03,1.250000000000000069e-02,1.749999999999999820e-02,2.249999999999999917e-02,2.750000000000000014e-02,3.250000000000000111e-02,3.721206167132133646e-02,4.367637655643423489e-02,4.973528790061743088e-02,5.224792451340475041e-02,5.592278766535028339e-02,6.329227803580383949e-02,6.742941876885548413e-02,7.249641114016334986e-02,7.670568746266916149e-02
2.666058460588303838e-03,7.499999999999999722e-03,1.250000000000000069e-02,1.749999999999999820e-02,2.249999999999999917e-02,2.750000000000000014e-02,3.250000000000000111e-02,3.734469264543914535e-02,4.379651288334635018e-02,4.984495560633494388e-02,5.215736466912829911e-02,5.604178758714477987e-02,6.336477990052098719e-02,6.752113817056891454e-02,7.248234938603108357e-02,7.670846913802922828e-02
2.666058460588303838e-03,7.499999999999999722e-03,1.250000000000000069e-02,1.749999999999999820e-02,2.249999999999999917e-02,2.750000000000000014e-02,3.250000000000000111e-02,3.747640357137679845e-02,4.391583471813700207e-02,4.995392009810410011e-02,5.216412858678472902e-02,5.616023736617062334e-02,6.344151228406537391e-02,6.761559389681862098e-02,7.249157136460132600e-02,7.673625160451286176e-02
2.666058460588303838e-03,7.499999999999999722e-03,1.250000000000000069e-02,1.749999999999999820e-02,2.249999999999999917e-02,2.750000000000000014e-02,3.250000000000000111e-02,3.760720915952198151e-02,4.403435510076379039e-02,4.738211444788101995e-02,5.007888665774539588e-02,5.627820136461141737e-02,6.352321820793531415e-02,6.771231766722256296e-02,7.251858542509813377e-02,7.678171071001614612e-02
2.666058460588303838e-03,7.499999999999999722e-03,1.250000000000000069e-02,1.749999999999999820e-02,2.249999999999999917e-02,2.750000000000000014e-02,3.250000000000000111e-02,3.773712299671282133e-02,4.415208593935837644e-02,4.760175878335905220e-02,5.019002480824844015e-02,5.639559525855480232e-02,6.360793007071567640e-02,6.780106289955087351e-02,7.241681519957009205e-02,7.684076166028344645e-02
2.666058460588303838e-03,7.499999999999999722e-03,1.250000000000000069e-02,1.749999999999999820e-02,2.249999999999999917e-02,2.750000000000000014e-02,3.250000000000000111e-02,3.786615836488103903e-02,4.426903896730475380e-02,4.777186062632200053e-02,5.030049841132091387e-02,5.651241446779847050e-02,6.369526507548795013e-02,6.789122942219336099e-02,7.237018432563792347e-02,7.690749391647334898e-02
2.666058460588303838e-03,7.499999999999999722e-03,1.250000000000000069e-02,1.749999999999999820e-02,2.249999999999999917e-02,2.750000000000000014e-02,3.250000000000000111e-02,3.799432909566781424e-02,4.438522630380727779e-02,4.792768234617654499e-02,5.041030903435109178e-02,5.662865866255677866e-02,6.378481368136620921e-02,6.798317676198778470e-02,7.235575814402919748e-02,7.698060542227569414e-02
2.666058460588303838e-03,7.499999999999999722e-03,1.250000000000000069e-02,1.749999999999999820e-02,2.249999999999999917e-02,2.750000000000000014e-02,3.250000000000000111e-02,3.812164853158125227e-02,4.450065986643923777e-02,4.807717551932910033e-02,5.051946095976038442e-02,5.673221367113891189e-02,6.360542650710365731e-02,6.807670594275763709e-02,7.236160395080068475e-02,7.705801036252293845e-02
2.666058460588303838e-03,7.499999999999999722e-03,1.250000000000000069e-02,1.749999999999999820e-02,2.249999999999999917e-02,2.750000000000000014e-02,3.250000000000000111e-02,3.824812932517712011e-02,4.461535047499506218e-02,4.822300926799556048e-02,5.062796666120291528e-02,5.683480147495489215e-02,6.349570095013822024e-02,6.817036197985033852e-02,7.236783137613742034e-02,7.713076736104421127e-02
2.666058460588303838e-03,7.499999999999999722e-03,1.250000000000000069e-02,1.749999999999999820e-02,2.249999999999999917e-02,2.750000000000000014e-02,3.250000000000000111e-02,3.837378384607672416e-02,4.472930918586401350e-02,4.836632985194893458e-02,5.073583475932424286e-02,5.693701257194468818e-02,6.342776236149848257e-02,6.826414083158548196e-02,7.237719199849772245e-02,7.720123075228838005e-02
2.666058460588303838e-03,7.499999999999999722e-03,1.250000000000000069e-02,1.749999999999999820e-02,2.249999999999999917e-02,2.750000000000000014e-02,3.250000000000000111e-02,3.849862443517022143e-02,4.484254687771077608e-02,4.850773065892465680e-02,5.084307405686889353e-02,5.703886674155436015e-02,6.337479908746650181e-02,6.810550890808948765e-02,7.239184940736917429e-02,7.727075769864852339e-02
2.666058460588303838e-03,7.499999999999999722e-03,1.250000000000000069e-02,1.749999999999999820e-02,2.249999999999999917e-02,2.750000000000000014e-02,3.250000000000000111e-02,3.862266302615281061e-02,4.495507399008801669e-02,4.864754530832133411e-02,5.094969290190026756e-02,5.714036326152657774e-02,6.334386281414539077e-02,6.801223788437989193e-02,7.241000619559516405e-02,7.733352872475808548e-02
2.666058460588303838e-03,7.499999999999999722e-03,1.250000000000000069e-02,1.749999999999999820e-02,2.249999999999999917e-02,2.750000000000000014e-02,3.250000000000000111e-02,3.874591131797822108e-02,4.250000000000000305e-02,4.507464617004476592e-02,5.105570989539208460e-02,5.724151571676362737e-02,6.333175455680849220e-02,6.795678170817338881e-02,7.243244873615399537e-02,7.739306375531240789e-02
2.666058460588303838e-03,7.499999999999999722e-03,1.250000000000000069e-02,1.749999999999999820e-02,2.249999999999999917e-02,2.750000000000000014e-02,3.250000000000000111e-02,3.886837946611936684e-02,4.250000000000000305e-02,4.518657614684765816e-02,5.116112311042210481e-02,5.734230520495230826e-02,6.333491813751951360e-02,6.792918407950315762e-02,7.245949216790231739e-02,7.745122904327349234e-02
2.666058460588303838e-03,7.499999999999999722e-03,1.250000000000000069e-02,1.749999999999999820e-02,2.249999999999999917e-02,2.750000000000000014e-02,3.250000000000000111e-02,3.899007888435270658e-02,4.250000000000000305e-02,4.529783680407575841e-02,5.126594027380817348e-02,5.744273150066280670e-02,6.335058124823941816e-02,6.792281908657474276e-02,7.249120652742896409e-02,7.750949853885349961e-02
2.666058460588303838e-03,7.499999999999999722e-03,1.250000000000000069e-02,1.749999999999999820e-02,2.249999999999999917e-02,2.750000000000000014e-02,3.250000000000000111e-02,3.911102125671310492e-02,4.250000000000000305e-02,4.540842996923435265e-02,5.137016973654632418e-02,5.754279400488753610e-02,6.337658328657051754e-02,6.793298834667407804e-02,7.252750603274105146e-02,7.756884458866886156e-02
2.666058460588303838e-03,7.499999999999999722e-03,1.250000000000000069e-02,1.749999999999999820e-02,2.249999999999999917e-02,2.750000000000000014e-02,3.250000000000000111e-02,3.923121719454786965e-02,4.250000000000000305e-02,4.551836447112476286e-02,5.147381890880632638e-02,5.764249155837684879e-02,6.341121419602388509e-02,6.795625911677055653e-02,7.256820661708203446e-02,7.762988612583024417e-02
2.666058460588303838e-03,7.499999999999999722e-03,1.250000000000000069e-02,1.749999999999999820e-02,2.249999999999999917e-02,2.750000000000000014e-02,3.250000000000000111e-02,3.935067724912220261e-02,4.250000000000000305e-02,4.562764942507704924e-02,5.157689523889440186e-02,5.774182302733481265e-02,6.345310037215988463e-02,6.799005894212675760e-02,7.261306156765742759e-02,7.769298171113106499e-02
2.666058460588303838e-03,7.499999999999999722e-03,1.250000000000000069e-02,1.749999999999999820e-02,2.249999999999999917e-02,2.750000000000000014e-02,3.250000000000000111e-02,3.946941162480974152e-02,4.250000000000000305e-02,4.573629359807545453e-02,5.167940593946531574e-02,5.784078792016003612e-02,6.349009115051973406e-02,6.790296592111992602e-02,7.266220034292705798e-02,7.775804934869277873e-02
2.666058460588303838e-03,7.499999999999999722e-03,1.250000000000000069e-02,1.749999999999999820e-02,2.249999999999999917e-02,2.750000000000000014e-02,3.250000000000000111e-02,3.958743034391382087e-02,4.250000000000000305e-02,4.584430563195494163e-02,5.178135806771917704e-02,5.793938554860287443e-02,6.353123216529922568e-02,6.785935476097619545e-02,7.271407131591751949e-02,7.782182799629229486e-02
2.666058460588303838e-03,7.499999999999999722e-03,1.250000000000000069e-02,1.749999999999999820e-02,2.249999999999999917e-02,2.750000000000000014e-02,3.250000000000000111e-02,3.970474318412025444e-02,4.250000000000000305e-02,4.595092355234393217e-02,5.188200210590215855e-02,5.803761621771438145e-02,6.357710139075634093e-02,6.784176508824939222e-02,7.276863385804467621e-02,7.788551054683627572e-02
2.666058460588303838e-03,7.499999999999999722e-03,1.250000000000000069e-02,1.749999999999999820e-02,2.249999999999999917e-02,2.750000000000000014e-02,3.250000000000000111e-02,3.982135991465553942e-02,4.250000000000000305e-02,4.605689608738180313e-02,5.198218331489756067e-02,5.813547509761447796e-02,6.362712793757262231e-02,6.784366044932750583e-02,7.282577453820614222e-02,7.794981194199430974e-02
2.666058460588303838e-03,7.499999999999999722e-03,1.250000000000000069e-02,1.749999999999999820e-02,2.249999999999999917e-02,2.750000000000000014e-02,3.250000000000000111e-02,3.993729010433794135e-02,4.250000000000000305e-02,4.616225783135118749e-02,5.208185652690996981e-02,5.823296241738918494e-02,6.368082205802491624e-02,6.786065327450077622e-02,7.288536594671120306e-02,7.801522464965521264e-02
2.666058460588303838e-03,7.499999999999999722e-03,1.250000000000000069e-02,1.749999999999999820e-02,2.249999999999999917e-02,2.750000000000000014e-02,3.250000000000000111e-02,3.750000000000000555e-02,4.005254294387548819e-02,4.626701777688509848e-02,5.218102570349285318e-02,5.833007839707950865e-02,6.373775808598010351e-02,6.788955641316860024e-02,7.294726616881046233e-02,7.808206100378571601e-02
2.666058460588303838e-03,7.499999999999999722e-03,1.250000000000000069e-02,1.749999999999999820e-02,2.249999999999999917e-02,2.750000000000000014e-02,3.250000000000000111e-02,3.750000000000000555e-02,4.016712744185734624e-02,4.637118388938751140e-02,5.227969644204960575e-02,5.842682342330148687e-02,6.379756638480846287e-02,6.792799702941122730e-02,7.301132725205870810e-02,7.815050337672931058e-02
2.666058460588303838e-03,7.499999999999999722e-03,1.250000000000000069e-02,1.749999999999999820e-02,2.249999999999999917e-02,2.750000000000000014e-02,3.250000000000000111e-02,3.750000000000000555e-02,4.028105250182030528e-02,4.647476404176188736e-02,5.237787442231987139e-02,5.852319801400194393e-02,6.385992418458601161e-02,6.795465904984349104e-02,7.281729245967803743e-02,7.822112431920492936e-02
2.666058460588303838e-03,7.499999999999999722e-03,1.250000000000000069e-02,1.749999999999999820e-02,2.249999999999999917e-02,2.750000000000000014e-02,3.250000000000000111e-02,3.750000000000000555e-02,4.039432668351713995e-02,4.657776570102320490e-02,5.247290360659986191e-02,5.860062955033797788e-02,6.392456952554298466e-02,6.798695489430355010e-02,7.270747548772518720e-02,7.829026008820066940e-02
2.666058460588303838e-03,7.499999999999999722e-03,1.250000000000000069e-02,1.749999999999999820e-02,2.249999999999999917e-02,2.750000000000000014e-02,3.250000000000000111e-02,3.750000000000000555e-02,4.050695861663388547e-02,4.668019652329005037e-02,5.256727605582176693e-02,5.867912635974485008e-02,6.399117170485238426e-02,6.802521986692797173e-02,7.264181984671275183e-02,7.835857565189376095e-02
2.666058460588303838e-03,7.499999999999999722e-03,1.250000000000000069e-02,1.749999999999999820e-02,2.249999999999999917e-02,2.750000000000000014e-02,3.250000000000000111e-02,3.750000000000000555e-02,4.061895675846911857e-02,4.678206394043388228e-02,5.266114814768844965e-02,5.875796974356493896e-02,6.405951617300763290e-02,6.806866669323494157e-02,7.260735149283256695e-02,7.842670714722679848e-02
2.666058460588303838e-03,7.499999999999999722e-03,1.250000000000000069e-02,1.749999999999999820e-02,2.249999999999999917e-02,2.750000000000000014e-02,3.250000000000000111e-02,3.750000000000000555e-02,4.073032918078130227e-02,4.688337503635337661e-02,5.275453125128461151e-02,5.883710361377211817e-02,6.412941518000052354e-02,6.811659451991405878e-02,7.259587288089049129e-02,7.849511054065075322e-02
2.666058460588303838e-03,7.499999999999999722e-03,1.250000000000000069e-02,1.749999999999999820e-02,2.249999999999999917e-02,2.750000000000000014e-02,3.250000000000000111e-02,3.750000000000000555e-02,4.084108400891317547e-02,4.698413699182016345e-02,5.284743175020548134e-02,5.891649602469931774e-02,6.420070065582823837e-02,6.816841043494507868e-02,7.260180944580398033e-02,7.856410246795839103e-02
2.666058460588303838e-03,7.499999999999999722e-03,1.250000000000000069e-02,1.749999999999999820e-02,2.249999999999999917e-02,2.750000000000000014e-02,3.250000000000000111e-02,3.750000000000000555e-02,4.095122892841027151e-02,4.708435653503478119e-02,5.293985537506989275e-02,5.899373949088054792e-02,6.420399650672367620e-02,6.822364664105667886e-02,7.261279290983861656e-02,7.844315319512826234e-02
2.666058460588303838e-03,7.499999999999999722e-03,1.250000000000000069e-02,1.749999999999999820e-02,2.249999999999999917e-02,2.750000000000000014e-02,3.250000000000000111e-02,3.750000000000000555e-02,4.106077156879159307e-02,4.718404040642835279e-02,5.303180790595576205e-02,5.907080845907643901e-02,6.421460918914265181e-02,6.823648455108408117e-02,7.263357545345183741e-02,7.836461703051579575e-02
2.666058460588303838e-03,7.499999999999999722e-03,1.250000000000000069e-02,1.749999999999999820e-02,2.249999999999999917e-02,2.750000000000000014e-02,3.250000000000000111e-02,3.750000000000000555e-02,4.116971953715772153e-02,4.728319529083285788e-02,5.312329496814802848e-02,5.914799682564898103e-02,6.423134564150294323e-02,6.825900550356997498e-02,7.266269106506217934e-02,7.830943329363025673e-02
2.666058460588303838e-03,7.499999999999999722e-03,1.250000000000000069e-02,1.749999999999999820e-02,2.249999999999999917e-02,2.750000000000000014e-02,3.250000000000000111e-02,3.750000000000000555e-02,4.127808023716067476e-02,4.738182770601696847e-02,5.321432210218144526e-02,5.922529833935178539e-02,6.425383539778180275e-02,6.828815525067126468e-02,7.269870273634794489e-02,7.827318923644253912e-02
2.666058460588303838e-03,7.499999999999999722e-03,1.250000000000000069e-02,1.749999999999999820e-02,2.249999999999999917e-02,2.750000000000000014e-02,3.250000000000000111e-02,3.750000000000000555e-02,4.138586096507146372e-02,4.747994407461814809e-02,5.330489473030299713e-02,5.930269717926749812e-02,6.428143505450784057e-02,6.832294955330785180e-02,7.274047061221622368e-02,7.825259258685221542e-02
2.666058460588303838e-03,7.499999999999999722e-03,1.250000000000000069e-02,1.749999999999999820e-02,2.249999999999999917e-02,2.750000000000000014e-02,3.250000000000000111e-02,3.750000000000000555e-02,4.149306867937207349e-02,4.757755052751377195e-02,5.339501813474831909e-02,5.938017843788707256e-02,6.431358227825159646e-02,6.836262291734930552e-02,7.278709233925567679e-02,7.824508099189714239e-02
2.666058460588303838e-03,7.499999999999999722e-03,1.250000000000000069e-02,1.749999999999999820e-02,2.249999999999999917e-02,2.750000000000000014e-02,3.250000000000000111e-02,3.750000000000000555e-02,4.159971025972755004e-02,4.767465308493307879e-02,5.348469736009895531e-02,5.945598601038844938e-02,6.427159756235817367e-02,6.840660123158634476e-02,7.283790221620572991e-02,7.824866030117316740e-02
2.666058460588303838e-03,7.499999999999999722e-03,1.250000000000000069e-02,1.749999999999999820e-02,2.249999999999999917e-02,2.750000000000000014e-02,3.250000000000000111e-02,3.750000000000000555e-02,4.170579259169407416e-02,4.777125782070108101e-02,5.357393758764024405e-02,5.953125538871157502e-02,6.424568001014528684e-02,6.845424154092345781e-02,7.288485156655846731e-02,7.814749218353110594e-02
2.666058460588303838e-03,7.499999999999999722e-03,1.250000000000000069e-02,1.749999999999999820e-02,2.249999999999999917e-02,2.750000000000000014e-02,3.250000000000000111e-02,3.750000000000000555e-02,4.181132246481288062e-02,4.786737072845690527e-02,5.366274390153546320e-02,5.960643300733220462e-02,6.423115834345308195e-02,6.850508086116897932e-02,7.293401042724886874e-02,7.808723016129490158e-02
2.666058460588303838e-03,7.499999999999999722e-03,1.250000000000000069e-02,1.749999999999999820e-02,2.249999999999999917e-02,2.750000000000000014e-02,3.250000000000000111e-02,3.750000000000000555e-02,4.191630637893443284e-02,4.796299747396257779e-02,5.375112107225786529e-02,5.968152960466693163e-02,6.422639102640637088e-02,6.855872874969864972e-02,7.298570432259558760e-02,7.805246540943042155e-02
2.666058460588303838e-03,7.499999999999999722e-03,1.250000000000000069e-02,1.749999999999999820e-02,2.249999999999999917e-02,2.750000000000000014e-02,3.250000000000000111e-02,3.750000000000000555e-02,4.202075086717270425e-02,4.805814385717911696e-02,5.383907406675830093e-02,5.975654160487267608e-02,6.423008390521606215e-02,6.861485006213761950e-02,7.303065788274848424e-02,7.790846208919814664e-02
2.666058460588303838e-03,7.499999999999999722e-03,1.250000000000000069e-02,1.749999999999999820e-02,2.249999999999999917e-02,2.750000000000000014e-02,3.250000000000000111e-02,3.750000000000000555e-02,4.212466219836335374e-02,4.815281536660299261e-02,5.392660755027733899e-02,5.983146467295547694e-02,6.424115691615972512e-02,6.867315651491692763e-02,7.307719735673022521e-02,7.781758337803777736e-02
2.666058460588303838e-03,7.499999999999999722e-03,1.250000000000000069e-02,1.749999999999999820e-02,2.249999999999999917e-02,2.750000000000000014e-02,3.250000000000000111e-02,3.750000000000000555e-02,4.222804665835928895e-02,4.824701754016001709e-02,5.401372619144416409e-02,5.990629436433451971e-02,6.425869689708729737e-02,6.873339609251910565e-02,7.312594607028094496e-02,7.775925097257317675e-02
2.666058460588303838e-03,7.499999999999999722e-03,1.250000000000000069e-02,1.749999999999999820e-02,2.249999999999999917e-02,2.750000000000000014e-02,3.250000000000000111e-02,3.750000000000000555e-02,4.233091025543838509e-02,4.834075565419977683e-02,5.410043450352931133e-02,5.998102665047135712e-02,6.428193018538055914e-02,6.879535170391169741e-02,7.317672740614294957e-02,7.772511519487984577e-02
2.666058460588303838e-03,7.499999999999999722e-03,1.250000000000000069e-02,1.749999999999999820e-02,2.249999999999999917e-02,2.750000000000000014e-02,3.250000000000000111e-02,3.750000000000000555e-02,4.243325900298086650e-02,4.843403500057566480e-02,5.418673697115133914e-02,5.749137102374361069e-02,6.077484271160595031e-02,6.886556436884497256e-02,7.324634207155576726e-02,7.778908030243353311e-02
2.666058460588303838e-03,7.499999999999999722e-03,1.250000000000000069e-02,1.749999999999999820e-02,2.249999999999999917e-02,2.750000000000000014e-02,3.250000000000000111e-02,3.750000000000000555e-02,4.253509701176445140e-02,4.852685931347051201e-02,5.427263669386849648e-02,5.768315252727701514e-02,6.086837779569704426e-02,6.893733923321455903e-02,7.331584485581073285e-02,7.785069402161140517e-02
2.666058460588303838e-03,7.499999999999999722e-03,1.250000000000000069e-02,1.749999999999999820e-02,2.249999999999999917e-02,2.750000000000000014e-02,3.250000000000000111e-02,3.750000000000000555e-02,4.263642880972092625e-02,4.861923222199915351e-02,5.435813653918033367e-02,5.781937534923440453e-02,6.095475929730966719e-02,6.884416949589443335e-02,7.338631331026956861e-02,7.791497856564709446e-02
2.666058460588303838e-03,7.499999999999999722e-03,1.250000000000000069e-02,1.749999999999999820e-02,2.249999999999999917e-02,2.750000000000000014e-02,3.250000000000000111e-02,3.750000000000000555e-02,4.273726234630695342e-02,4.871116091521604519e-02,5.444324297607468915e-02,5.794001011398820095e-02,6.104050372331490393e-02,6.878300513051227583e-02,7.345712836307993765e-02,7.797646164519343726e-02
2.666058460588303838e-03,7.499999999999999722e-03,1.250000000000000069e-02,1.749999999999999820e-02,2.249999999999999917e-02,2.750000000000000014e-02,3.250000000000000111e-02,3.750000000000000555e-02,4.283760398107837319e-02,4.880265101148579393e-02,5.452796060371566111e-02,5.805399471406496453e-02,6.112590671096009703e-02,6.872889092103022513e-02,7.333849141410850314e-02,7.803761421842815571e-02
2.666058460588303838e-03,7.499999999999999722e-03,1.250000000000000069e-02,1.749999999999999820e-02,2.249999999999999917e-02,2.750000000000000014e-02,3.250000000000000111e-02,3.750000000000000555e-02,4.293745951002278516e-02,4.889370764283228893e-02,5.461229383241431035e-02,5.816438557718659613e-02,6.121095506533562325e-02,6.868809547044403552e-02,7.326016494977337368e-02,7.809774570834703000e-02
2.666058460588303838e-03,7.499999999999999722e-03,1.250000000000000069e-02,1.749999999999999820e-02,2.249999999999999917e-02,2.750000000000000014e-02,3.250000000000000111e-02,3.750000000000000555e-02,4.303683364253037269e-02,4.898433487173037976e-02,5.469624624687940279e-02,5.827251128002778474e-02,6.129567217526379203e-02,6.866041026922414803e-02,7.320597713290542818e-02,7.815730131466951114e-02
2.666058460588303838e-03,7.499999999999999722e-03,1.250000000000000069e-02,1.749999999999999820e-02,2.249999999999999917e-02,2.750000000000000014e-02,3.250000000000000111e-02,3.750000000000000555e-02,4.313573226570074221e-02,4.907453796372625299e-02,5.477982219519678120e-02,5.837901718552451769e-02,6.138006072972376076e-02,6.864392970458381427e-02,7.317083364885601515e-02,7.821661316506837991e-02
2.666058460588303838e-03,7.499999999999999722e-03,1.250000000000000069e-02,1.749999999999999820e-02,2.249999999999999917e-02,2.750000000000000014e-02,3.250000000000000111e-02,3.750000000000000555e-02,4.323416043362959121e-02,4.916432133571044943e-02,5.486302548592114636e-02,5.848427848530603906e-02,6.146412307598436014e-02,6.863707837725116501e-02,7.315112027315000265e-02,7.827594938330564855e-02
2.666058460588303838e-03,7.499999999999999722e-03,1.250000000000000069e-02,1.749999999999999820e-02,2.249999999999999917e-02,2.750000000000000014e-02,3.250000000000000111e-02,3.750000000000000555e-02,4.333212330171599264e-02,4.925368952970012731e-02,5.494585997864764176e-02,5.858851821348058653e-02,6.154786127003892410e-02,6.863855053363766834e-02,7.314407172206113805e-02,7.833551079941607209e-02
2.666058460588303838e-03,7.499999999999999722e-03,1.250000000000000069e-02,1.749999999999999820e-02,2.249999999999999917e-02,2.750000000000000014e-02,3.250000000000000111e-02,3.750000000000000555e-02,4.342962585180760310e-02,4.934264692323802465e-02,5.471789979975096030e-02,5.506232604692704730e-02,6.163132388985975013e-02,6.864810434664157801e-02,7.314859664364246894e-02,7.839785651738966077e-02
2.666058460588303838e-03,7.499999999999999722e-03,1.250000000000000069e-02,1.749999999999999820e-02,2.249999999999999917e-02,2.750000000000000014e-02,3.250000000000000111e-02,3.750000000000000555e-02,4.352667208484246875e-02,4.943119704075285559e-02,5.490778628190580435e-02,5.514756820932035369e-02,6.171447192363969936e-02,6.866394719308743788e-02,7.316177786195129928e-02,7.846044420479680870e-02
2.666058460588303838e-03,7.499999999999999722e-03,1.250000000000000069e-02,1.749999999999999820e-02,2.249999999999999917e-02,2.750000000000000014e-02,3.250000000000000111e-02,3.750000000000000555e-02,4.362326667824966558e-02,4.951934392507263000e-02,5.496187195310436174e-02,5.523237119194765454e-02,6.179730548311532928e-02,6.868534166169784627e-02,7.318233303402742196e-02,7.852351436038088051e-02
2.666058460588303838e-03,7.499999999999999722e-03,1.250000000000000069e-02,1.749999999999999820e-02,2.249999999999999917e-02,2.750000000000000014e-02,3.250000000000000111e-02,3.750000000000000555e-02,4.371941529807550630e-02,4.960709263552343096e-02,5.250000000000000500e-02,5.531680904154875900e-02,6.187982726289047858e-02,6.871160750274053763e-02,7.320916727022104553e-02,7.858712179788887586e-02
2.666058460588303838e-03,7.499999999999999722e-03,1.250000000000000069e-02,1.749999999999999820e-02,2.249999999999999917e-02,2.750000000000000014e-02,3.250000000000000111e-02,3.750000000000000555e-02,4.381512200676694613e-02,4.969444666024119828e-02,5.250000000000000500e-02,5.540097966335150170e-02,6.196203918903147451e-02,6.874219755427783685e-02,7.324139095264842192e-02,7.865130661920387289e-02
2.666058460588303838e-03,7.499999999999999722e-03,1.250000000000000069e-02,1.749999999999999820e-02,2.249999999999999917e-02,2.750000000000000014e-02,3.250000000000000111e-02,3.750000000000000555e-02,4.391039257507187848e-02,4.978141119627429306e-02,5.250000000000000500e-02,5.548480470713101909e-02,6.204394304493247164e-02,6.877661707194407392e-02,7.327824919275516269e-02,7.871607431063093463e-02
2.666058460588303838e-03,7.499999999999999722e-03,1.250000000000000069e-02,1.749999999999999820e-02,2.249999999999999917e-02,2.750000000000000014e-02,3.250000000000000111e-02,3.750000000000000555e-02,4.400523115049845280e-02,4.986798984536965074e-02,5.250000000000000500e-02,5.556828647140497901e-02,6.212554101507977017e-02,6.880886298029689763e-02,7.324655485691936030e-02,7.878163361974632739e-02
2.666058460588303838e-03,7.499999999999999722e-03,1.250000000000000069e-02,1.749999999999999820e-02,2.249999999999999917e-02,2.750000000000000014e-02,3.250000000000000111e-02,3.750000000000000555e-02,4.409960591963824755e-02,4.995415566096663568e-02,5.250000000000000500e-02,5.565139971049053863e-02,6.220680620680499318e-02,6.884313430503580244e-02,7.323259617806568422e-02,7.884752372584738489e-02
2.666058460588303838e-03,7.499999999999999722e-03,1.250000000000000069e-02,1.749999999999999820e-02,2.249999999999999917e-02,2.750000000000000014e-02,3.250000000000000111e-02,3.750000000000000555e-02,4.419355024994885833e-02,4.750000000000000056e-02,5.003993676607247643e-02,5.573416962770443711e-02,6.228776431731346264e-02,6.888007847168430009e-02,7.323000363718852601e-02,7.891383028929432886e-02
2.666058460588303838e-03,7.499999999999999722e-03,1.250000000000000069e-02,1.749999999999999820e-02,2.249999999999999917e-02,2.750000000000000014e-02,3.250000000000000111e-02,3.750000000000000555e-02,4.428711294290112871e-02,4.750000000000000056e-02,5.012537506409522198e-02,5.581663368616164578e-02,6.236845138352486301e-02,6.891951643216943924e-02,7.323684624754349393e-02,7.898060697567881039e-02
2.666058460588303838e-03,7.499999999999999722e-03,1.250000000000000069e-02,1.749999999999999820e-02,2.249999999999999917e-02,2.750000000000000014e-02,3.250000000000000111e-02,3.750000000000000555e-02,4.438026617505837212e-02,4.750000000000000056e-02,5.021044750093936471e-02,5.589877027248608271e-02,6.244884327724344736e-02,6.896119086959599798e-02,7.325157776245376506e-02,7.904780449787107699e-02
2.666058460588303838e-03,7.499999999999999722e-03,1.250000000000000069e-02,1.749999999999999820e-02,2.249999999999999917e-02,2.750000000000000014e-02,3.250000000000000111e-02,3.750000000000000555e-02,4.447301052567291524e-02,4.750000000000000056e-02,5.029515444636965815e-02,5.598057925549738273e-02,6.252893954376999297e-02,6.900490827945222894e-02,7.327301696234719830e-02,7.911543175741846123e-02
2.666058460588303838e-03,7.499999999999999722e-03,1.250000000000000069e-02,1.749999999999999820e-02,2.249999999999999917e-02,2.750000000000000014e-02,3.250000000000000111e-02,3.750000000000000555e-02,4.456534904791956131e-02,4.750000000000000056e-02,5.037949857386573443e-02,5.605913555270349014e-02,6.260187531838409813e-02,6.905050614731429726e-02,7.330020426183263271e-02,7.918348628285462598e-02
2.666058460588303838e-03,7.499999999999999722e-03,1.250000000000000069e-02,1.749999999999999820e-02,2.249999999999999917e-02,2.750000000000000014e-02,3.250000000000000111e-02,3.750000000000000555e-02,4.465728577875829192e-02,4.750000000000000056e-02,5.046348346679069979e-02,5.613724698718227518e-02,6.267512219908986937e-02,6.909777974802369660e-02,7.331856981003330442e-02,7.900322774880522148e-02
2.666058460588303838e-03,7.499999999999999722e-03,1.250000000000000069e-02,1.749999999999999820e-02,2.249999999999999917e-02,2.750000000000000014e-02,3.250000000000000111e-02,3.750000000000000555e-02,4.474882451659536325e-02,4.750000000000000056e-02,5.054711238257813405e-02,5.621503397549980352e-02,6.274828442666241513e-02,6.914658663448529363e-02,7.333983803486146535e-02,7.887780981591727136e-02
2.666058460588303838e-03,7.499999999999999722e-03,1.250000000000000069e-02,1.749999999999999820e-02,2.249999999999999917e-02,2.750000000000000014e-02,3.250000000000000111e-02,3.750000000000000555e-02,4.483993636765392504e-02,4.750000000000000056e-02,5.063036080395789951e-02,5.629247832671328139e-02,6.282131792177295115e-02,6.919676766121733713e-02,7.336502709499613528e-02,7.878560450255782388e-02
2.666058460588303838e-03,7.499999999999999722e-03,1.250000000000000069e-02,1.749999999999999820e-02,2.249999999999999917e-02,2.750000000000000014e-02,3.250000000000000111e-02,3.750000000000000555e-02,4.493064960849254413e-02,4.750000000000000056e-02,5.071325254778014102e-02,5.636960162223427634e-02,6.289423860894166607e-02,6.924823622220072084e-02,7.339160849414909371e-02,7.868827778940497286e-02
2.666058460588303838e-03,7.499999999999999722e-03,1.250000000000000069e-02,1.749999999999999820e-02,2.249999999999999917e-02,2.750000000000000014e-02,3.250000000000000111e-02,3.750000000000000555e-02,4.250000000000000305e-02,4.502097656592519981e-02,5.079579847013352550e-02,5.644641358163431100e-02,6.296704818749353227e-02,6.930088877754529697e-02,7.342122263771705404e-02,7.861883792437440732e-02
2.666058460588303838e-03,7.499999999999999722e-03,1.250000000000000069e-02,1.749999999999999820e-02,2.249999999999999917e-02,2.750000000000000014e-02,3.250000000000000111e-02,3.750000000000000555e-02,4.250000000000000305e-02,4.511095525520826544e-02,5.087803126238943374e-02,5.652294375231587537e-02,6.303977072962145545e-02,6.935466040911927865e-02,7.345378058913298869e-02,7.857061494364138421e-02
2.666058460588303838e-03,7.499999999999999722e-03,1.250000000000000069e-02,1.749999999999999820e-02,2.249999999999999917e-02,2.750000000000000014e-02,3.250000000000000111e-02,3.750000000000000555e-02,4.250000000000000305e-02,4.520056050367041861e-02,5.095992996829282196e-02,5.659917312781421322e-02,6.311237783119982847e-02,6.940718783147359350e-02,7.344623937444812178e-02,7.853950927550469585e-02
2.666058460588303838e-03,7.499999999999999722e-03,1.250000000000000069e-02,1.749999999999999820e-02,2.249999999999999917e-02,2.750000000000000014e-02,3.250000000000000111e-02,3.750000000000000555e-02,4.250000000000000305e-02,4.528979212971632334e-02,5.104149427504513920e-02,5.667510125572674390e-02,6.318283518862345682e-02,6.940747615530555581e-02,7.344730356544752758e-02,7.852220340972455859e-02
2.666058460588303838e-03,7.499999999999999722e-03,1.250000000000000069e-02,1.749999999999999820e-02,2.249999999999999917e-02,2.750000000000000014e-02,3.250000000000000111e-02,3.750000000000000555e-02,4.250000000000000305e-02,4.537865250699886499e-02,5.112272623327478865e-02,5.675072984880062676e-02,6.325298435934136043e-02,6.941401515120158849e-02,7.345431986874613461e-02,7.851552787962608193e-02
2.666058460588303838e-03,7.499999999999999722e-03,1.250000000000000069e-02,1.749999999999999820e-02,2.249999999999999917e-02,2.750000000000000014e-02,3.250000000000000111e-02,3.750000000000000555e-02,4.250000000000000305e-02,4.546714480900528044e-02,5.120362861970861879e-02,5.682606127329033890e-02,6.332299853591473460e-02,6.942468795552160510e-02,7.346654658393096671e-02,7.851780797609088369e-02
2.666058460588303838e-03,7.499999999999999722e-03,1.250000000000000069e-02,1.749999999999999820e-02,2.249999999999999917e-02,2.750000000000000014e-02,3.250000000000000111e-02,3.750000000000000555e-02,4.250000000000000305e-02,4.555527246607581071e-02,5.128420443370231702e-02,5.690109809079301612e-02,6.339288163946261989e-02,6.943907964128738508e-02,7.348339494880221090e-02,7.852768919952035631e-02
2.666058460588303838e-03,7.499999999999999722e-03,1.250000000000000069e-02,1.749999999999999820e-02,2.249999999999999917e-02,2.750000000000000014e-02,3.250000000000000111e-02,3.750000000000000555e-02,4.250000000000000305e-02,4.564303867585181584e-02,5.136445652282639607e-02,5.697584279427578280e-02,6.346263237606945828e-02,6.945686634363516798e-02,7.350436174121707800e-02,7.854407585693340410e-02
2.666058460588303838e-03,7.499999999999999722e-03,1.250000000000000069e-02,1.749999999999999820e-02,2.249999999999999917e-02,2.750000000000000014e-02,3.250000000000000111e-02,3.750000000000000555e-02,4.250000000000000305e-02,4.573044679808022095e-02,5.144438780687685814e-02,5.705029786298774358e-02,6.353224884919103643e-02,6.947775848952014721e-02,7.352900850806069755e-02,7.856606515265296409e-02
2.666058460588303838e-03,7.499999999999999722e-03,1.250000000000000069e-02,1.749999999999999820e-02,2.249999999999999917e-02,2.750000000000000014e-02,3.250000000000000111e-02,3.750000000000000555e-02,4.250000000000000305e-02,4.581750016224656052e-02,5.152400123253985526e-02,5.712446585133572341e-02,6.360172948126023573e-02,6.950149755395812479e-02,7.355695484257024352e-02,7.859291154323716500e-02
2.666058460588303838e-03,7.499999999999999722e-03,1.250000000000000069e-02,1.749999999999999820e-02,2.249999999999999917e-02,2.750000000000000014e-02,3.250000000000000111e-02,3.750000000000000555e-02,4.250000000000000305e-02,4.590420202293683111e-02,5.160329966988641548e-02,5.719834923883721639e-02,6.366913783555494533e-02,6.946816310470425859e-02,7.358788690780344866e-02,7.862394175462027179e-02
2.666058460588303838e-03,7.499999999999999722e-03,1.250000000000000069e-02,1.749999999999999820e-02,2.249999999999999917e-02,2.750000000000000014e-02,3.250000000000000111e-02,3.750000000000000555e-02,4.250000000000000305e-02,4.599055615544064141e-02,5.168228643858199800e-02,5.727195084726688368e-02,6.373612583852097946e-02,6.944508824087795851e-02,7.362148750334333858e-02,7.865792975522759023e-02
2.666058460588303838e-03,7.499999999999999722e-03,1.250000000000000069e-02,1.749999999999999820e-02,2.249999999999999917e-02,2.750000000000000014e-02,3.250000000000000111e-02,3.750000000000000555e-02,4.250000000000000305e-02,4.607656495465304453e-02,5.176096366437137053e-02,5.734527260062253357e-02,6.380294017790696937e-02,6.942927714487913404e-02,7.365749617758325651e-02,7.869458402418583187e-02
2.666058460588303838e-03,7.499999999999999722e-03,1.250000000000000069e-02,1.749999999999999820e-02,2.249999999999999917e-02,2.750000000000000014e-02,3.250000000000000111e-02,3.750000000000000555e-02,4.250000000000000305e-02,4.616223163984719408e-02,5.183933416682900280e-02,5.741831688206725653e-02,6.386958905124216768e-02,6.941989749648540264e-02,7.369567911808677652e-02,7.873363080918349688e-02
2.666058460588303838e-03,7.499999999999999722e-03,1.250000000000000069e-02,1.749999999999999820e-02,2.249999999999999917e-02,2.750000000000000014e-02,3.250000000000000111e-02,3.750000000000000555e-02,4.250000000000000305e-02,4.624752841424530775e-02,5.191737409604656878e-02,5.749106187352462372e-02,6.393604846323885926e-02,6.941624712916966145e-02,7.373579699704010948e-02,7.877479306653556446e-02
2.666058460588303838e-03,7.499999999999999722e-03,1.250000000000000069e-02,1.749999999999999820e-02,2.249999999999999917e-02,2.750000000000000014e-02,3.250000000000000111e-02,3.750000000000000555e-02,4.250000000000000305e-02,4.633248483480739005e-02,5.199510856772211059e-02,5.756353023240310535e-02,6.400234032800933281e-02,6.941778699173975498e-02,7.377770575883334236e-02,7.881791591156250831e-02
2.666058460588303838e-03,7.499999999999999722e-03,1.250000000000000069e-02,1.749999999999999820e-02,2.249999999999999917e-02,2.750000000000000014e-02,3.250000000000000111e-02,3.750000000000000555e-02,4.250000000000000305e-02,4.641710685983903989e-02,5.207254298857651176e-02,5.763572673571115690e-02,6.406846649022164553e-02,6.942400507146374855e-02,7.382123662069518810e-02,7.886280556511557349e-02
2.666058460588303838e-03,7.499999999999999722e-03,1.250000000000000069e-02,1.749999999999999820e-02,2.249999999999999917e-02,2.750000000000000014e-02,3.250000000000000111e-02,3.750000000000000555e-02,4.250000000000000305e-02,4.650140007133121006e-02,5.214968231406724025e-02,5.770765580626577296e-02,6.413442907131335080e-02,6.943445665555945945e-02,7.386624435696918789e-02,7.890930052670129535e-02
2.666058460588303838e-03,7.499999999999999722e-03,1.250000000000000069e-02,1.749999999999999820e-02,2.249999999999999917e-02,2.750000000000000014e-02,3.250000000000000111e-02,3.750000000000000555e-02,4.250000000000000305e-02,4.658536434734007053e-02,5.222652651534007845e-02,5.777931733084207960e-02,6.420022585060838893e-02,6.944874503880241190e-02,7.391259481586570645e-02,7.895725363365899141e-02
2.666058460588303838e-03,7.499999999999999722e-03,1.250000000000000069e-02,1.749999999999999820e-02,2.249999999999999917e-02,2.750000000000000014e-02,3.250000000000000111e-02,3.750000000000000555e-02,4.250000000000000305e-02,4.666900268385784645e-02,5.230307821661164119e-02,5.785071358293785576e-02,6.426585708212002868e-02,6.946652153247961925e-02,7.396017019393351377e-02,7.900653708186018698e-02
2.666058460588303838e-03,7.499999999999999722e-03,1.250000000000000069e-02,1.749999999999999820e-02,2.249999999999999917e-02,2.750000000000000014e-02,3.250000000000000111e-02,3.750000000000000555e-02,4.250000000000000305e-02,4.675231918253291291e-02,5.237934100876292381e-02,5.792184771631320173e-02,6.433132390263487932e-02,6.948747664871240959e-02,7.400886485710141127e-02,7.905703688214824054e-02
2.666058460588303838e-03,7.499999999999999722e-03,1.250000000000000069e-02,1.749999999999999820e-02,2.249999999999999917e-02,2.750000000000000014e-02,3.250000000000000111e-02,3.750000000000000555e-02,4.250000000000000305e-02,4.683532005610852034e-02,5.245532033980147835e-02,5.799272457793382129e-02,6.439662909628277032e-02,6.951133549235830045e-02,7.405858451670269127e-02,7.910865155783973479e-02
2.666058460588303838e-03,7.499999999999999722e-03,1.250000000000000069e-02,1.749999999999999820e-02,2.249999999999999917e-02,2.750000000000000014e-02,3.250000000000000111e-02,3.750000000000000555e-02,4.250000000000000305e-02,4.691800950143595189e-02,5.253101991549771754e-02,5.806334745726020319e-02,6.446177405071515376e-02,6.953785143540242020e-02,7.410924319135617222e-02,7.916128950999530567e-02
2.666058460588303838e-03,7.499999999999999722e-03,1.250000000000000069e-02,1.749999999999999820e-02,2.249999999999999917e-02,2.750000000000000014e-02,3.250000000000000111e-02,3.750000000000000555e-02,4.250000000000000305e-02,4.700038598943265949e-02,5.260643847664168982e-02,5.813371511264259217e-02,6.452675557503888271e-02,6.956679686813772856e-02,7.416075684717558791e-02,7.921486096797331067e-02
2.666058460588303838e-03,7.499999999999999722e-03,1.250000000000000069e-02,1.749999999999999820e-02,2.249999999999999917e-02,2.750000000000000014e-02,3.250000000000000111e-02,3.750000000000000555e-02,4.250000000000000305e-02,4.708245178258180230e-02,5.268157799480543968e-02,5.820382922563173411e-02,6.459157357444346437e-02,6.959469941360280076e-02,7.410517932328036794e-02,7.926946384934675793e-02
2.666058460588303838e-03,7.499999999999999722e-03,1.250000000000000069e-02,1.749999999999999820e-02,2.249999999999999917e-02,2.750000000000000014e-02,3.250000000000000111e-02,3.750000000000000555e-02,4.250000000000000305e-02,4.716420631132062224e-02,5.275643799843838383e-02,5.827368925655222048e-02,6.465623022381772333e-02,6.962276908557422928e-02,7.406506064733199557e-02,7.932399567842084165e-02
2.666058460588303838e-03,7.499999999999999722e-03,1.250000000000000069e-02,1.749999999999999820e-02,2.249999999999999917e-02,2.750000000000000014e-02,3.250000000000000111e-02,3.750000000000000555e-02,4.250000000000000305e-02,4.724565535659484145e-02,5.283102351935520941e-02,5.834329967592803007e-02,6.472072346156837463e-02,6.965224716352526324e-02,7.403547652382325150e-02,7.937961119074442295e-02
2.666058460588303838e-03,7.499999999999999722e-03,1.250000000000000069e-02,1.749999999999999820e-02,2.249999999999999917e-02,2.750000000000000014e-02,3.250000000000000111e-02,3.750000000000000555e-02,4.250000000000000305e-02,4.732680187612049727e-02,5.290533718672930236e-02,5.841266277912568472e-02,6.478505373944827561e-02,6.968309261304989066e-02,7.401474863969222107e-02,7.943597709818304986e-02
2.666058460588303838e-03,7.499999999999999722e-03,1.250000000000000069e-02,1.749999999999999820e-02,2.249999999999999917e-02,2.750000000000000014e-02,3.250000000000000111e-02,3.750000000000000555e-02,4.250000000000000305e-02,4.740765020014923309e-02,5.297938278712761850e-02,5.848178192344363063e-02,6.484922280643200254e-02,6.971523088735495643e-02,7.400174328311610872e-02,7.949302499059433813e-02
2.666058460588303838e-03,7.499999999999999722e-03,1.250000000000000069e-02,1.749999999999999820e-02,2.249999999999999917e-02,2.750000000000000014e-02,3.250000000000000111e-02,3.750000000000000555e-02,4.250000000000000305e-02,4.748820130570674536e-02,5.305316122251990674e-02,5.855065783887129782e-02,6.491322971658920749e-02,6.974858669818280454e-02,7.398861929738688448e-02,7.942856423131035293e-02
2.666058460588303838e-03,7.499999999999999722e-03,1.250000000000000069e-02,1.749999999999999820e-02,2.249999999999999917e-02,2.750000000000000014e-02,3.250000000000000111e-02,3.750000000000000555e-02,4.250000000000000305e-02,4.756848513681997959e-02,5.312669844162157956e-02,5.861931408077949296e-02,6.497709684991807844e-02,6.978311685444413270e-02,7.397987294949519288e-02,7.938305365137275638e-02
2.666058460588303838e-03,7.499999999999999722e-03,1.250000000000000069e-02,1.749999999999999820e-02,2.249999999999999917e-02,2.750000000000000014e-02,3.250000000000000111e-02,3.750000000000000555e-02,4.250000000000000305e-02,4.764845122865531135e-02,5.319995115740430019e-02,5.868741241629747002e-02,6.268947456263315732e-02,6.571375602097738466e-02,7.397811621992946007e-02,7.935867795736398222e-02
2.666058460588303838e-03,7.499999999999999722e-03,1.250000000000000069e-02,1.749999999999999820e-02,2.249999999999999917e-02,2.750000000000000014e-02,3.250000000000000111e-02,3.750000000000000555e-02,4.250000000000000305e-02,4.772815148177381867e-02,5.327296375188032146e-02,5.875524940111050143e-02,6.286265040961235007e-02,6.578180365261100671e-02,7.398101559780094483e-02,7.934296265974855045e-02
2.666058460588303838e-03,7.499999999999999722e-03,1.250000000000000069e-02,1.749999999999999820e-02,2.249999999999999917e-02,2.750000000000000014e-02,3.250000000000000111e-02,3.750000000000000555e-02,4.250000000000000305e-02,4.780756563032727280e-02,5.334571908919072403e-02,5.882284401802836266e-02,6.297852150401918314e-02,6.585021098959921437e-02,7.398801131030838252e-02,7.933518416571867793e-02
2.666058460588303838e-03,7.499999999999999722e-03,1.250000000000000069e-02,1.749999999999999820e-02,2.249999999999999917e-02,2.750000000000000014e-02,3.250000000000000111e-02,3.750000000000000555e-02,4.250000000000000305e-02,4.788669448639193416e-02,5.341821782995100076e-02,5.889019817752471492e-02,6.307846339578836170e-02,6.591840769198610561e-02,7.399872425833527168e-02,7.933433608979659213e-02
2.666058460588303838e-03,7.499999999999999722e-03,1.250000000000000069e-02,1.749999999999999820e-02,2.249999999999999917e-02,2.750000000000000014e-02,3.250000000000000111e-02,3.750000000000000555e-02,4.250000000000000305e-02,4.796553923781712858e-02,5.349046100117732516e-02,5.895731298305174201e-02,6.317179142287605853e-02,6.598637668750703678e-02,7.401282392012320521e-02,7.933957276858454033e-02
2.666058460588303838e-03,7.499999999999999722e-03,1.250000000000000069e-02,1.749999999999999820e-02,2.249999999999999917e-02,2.750000000000000014e-02,3.250000000000000111e-02,3.750000000000000555e-02,4.250000000000000305e-02,4.804410274464057662e-02,5.356245111518097984e-02,5.902419069331014262e-02,6.326161080992236119e-02,6.605411826723654733e-02,7.403000720117372535e-02,7.935016377349465855e-02
2.666058460588303838e-03,7.499999999999999722e-03,1.250000000000000069e-02,1.749999999999999820e-02,2.249999999999999917e-02,2.750000000000000014e-02,3.250000000000000111e-02,3.750000000000000555e-02,4.250000000000000305e-02,4.812238693480196811e-02,5.363418987907379171e-02,5.909083296570982052e-02,6.334929305973854841e-02,6.612163371727050598e-02,7.405001067439928586e-02,7.936549665475112203e-02
2.666058460588303838e-03,7.499999999999999722e-03,1.250000000000000069e-02,1.749999999999999820e-02,2.249999999999999917e-02,2.750000000000000014e-02,3.250000000000000111e-02,3.750000000000000555e-02,4.250000000000000305e-02,4.820039419532795577e-02,5.370567940085869962e-02,5.915724174922069867e-02,6.343551444966258335e-02,6.618892432547222870e-02,7.407259484720857268e-02,7.938504017508968280e-02
2.666058460588303838e-03,7.499999999999999722e-03,1.250000000000000069e-02,1.749999999999999820e-02,2.249999999999999917e-02,2.750000000000000014e-02,3.250000000000000111e-02,3.750000000000000555e-02,4.250000000000000305e-02,4.827812644905870448e-02,5.377692137230657976e-02,5.922341865425884144e-02,6.352066082019075521e-02,6.625599138307629310e-02,7.409754690467645899e-02,7.940833913471291583e-02
2.666058460588303838e-03,7.499999999999999722e-03,1.250000000000000069e-02,1.749999999999999820e-02,2.249999999999999917e-02,2.750000000000000014e-02,3.250000000000000111e-02,3.750000000000000555e-02,4.250000000000000305e-02,4.835558573743139327e-02,5.384791758565345837e-02,5.928936535337499952e-02,6.360496063823616042e-02,6.632283610661231232e-02,7.412467376738991753e-02,7.943499635939088588e-02
2.666058460588303838e-03,7.499999999999999722e-03,1.250000000000000069e-02,1.749999999999999820e-02,2.249999999999999917e-02,2.750000000000000014e-02,3.250000000000000111e-02,3.750000000000000555e-02,4.250000000000000305e-02,4.843277415865777230e-02,5.391866989097762047e-02,5.935508357529312856e-02,6.368856056898508644e-02,6.638945978704779982e-02,7.415380118128613030e-02,7.946466553320903625e-02
