# particle number concentration assuming water not removed from particles (#/cc (air)), with time changing with rows (corresponding times given in the time output file) and size bin changing with columns with size bin numbers given in the second row of the header
# 1, 2, 3, 4, 5, 6, 7, 8, 9, 10, 11, 12, 13, 14, 15, 16
0.000000000000000000e+00,0.000000000000000000e+00,0.000000000000000000e+00,0.000000000000000000e+00,0.000000000000000000e+00,0.000000000000000000e+00,0.000000000000000000e+00,0.000000000000000000e+00,0.000000000000000000e+00,0.000000000000000000e+00,0.000000000000000000e+00,0.000000000000000000e+00,0.000000000000000000e+00,0.000000000000000000e+00,0.000000000000000000e+00,0.000000000000000000e+00
0.000000000000000000e+00,0.000000000000000000e+00,0.000000000000000000e+00,0.000000000000000000e+00,0.000000000000000000e+00,0.000000000000000000e+00,0.000000000000000000e+00,0.000000000000000000e+00,0.000000000000000000e+00,0.000000000000000000e+00,0.000000000000000000e+00,0.000000000000000000e+00,0.000000000000000000e+00,0.000000000000000000e+00,0.000000000000000000e+00,0.000000000000000000e+00
0.000000000000000000e+00,0.000000000000000000e+00,0.000000000000000000e+00,0.000000000000000000e+00,0.000000000000000000e+00,0.000000000000000000e+00,0.000000000000000000e+00,0.000000000000000000e+00,0.000000000000000000e+00,0.000000000000000000e+00,0.000000000000000000e+00,0.000000000000000000e+00,0.000000000000000000e+00,0.000000000000000000e+00,0.000000000000000000e+00,0.000000000000000000e+00
0.000000000000000000e+00,0.000000000000000000e+00,0.000000000000000000e+00,0.000000000000000000e+00,0.000000000000000000e+00,0.000000000000000000e+00,0.000000000000000000e+00,0.000000000000000000e+00,0.000000000000000000e+00,0.000000000000000000e+00,0.000000000000000000e+00,0.000000000000000000e+00,0.000000000000000000e+00,0.000000000000000000e+00,0.000000000000000000e+00,0.000000000000000000e+00
0.000000000000000000e+00,0.000000000000000000e+00,0.000000000000000000e+00,0.000000000000000000e+00,0.000000000000000000e+00,0.000000000000000000e+00,0.000000000000000000e+00,0.000000000000000000e+00,0.000000000000000000e+00,0.000000000000000000e+00,0.000000000000000000e+00,0.000000000000000000e+00,0.000000000000000000e+00,0.000000000000000000e+00,0.000000000000000000e+00,0.000000000000000000e+00
0.000000000000000000e+00,0.000000000000000000e+00,0.000000000000000000e+00,0.000000000000000000e+00,0.000000000000000000e+00,0.000000000000000000e+00,0.000000000000000000e+00,0.000000000000000000e+00,0.000000000000000000e+00,0.000000000000000000e+00,0.000000000000000000e+00,0.000000000000000000e+00,0.000000000000000000e+00,0.000000000000000000e+00,0.000000000000000000e+00,0.000000000000000000e+00
1.814331014028219258e+01,0.000000000000000000e+00,0.000000000000000000e+00,0.000000000000000000e+00,0.000000000000000000e+00,0.000000000000000000e+00,0.000000000000000000e+00,0.000000000000000000e+00,0.000000000000000000e+00,0.000000000000000000e+00,0.000000000000000000e+00,0.000000000000000000e+00,0.000000000000000000e+00,0.000000000000000000e+00,0.000000000000000000e+00,0.000000000000000000e+00
1.495443213772910553e+02,1.000000000000000083e-30,1.000000000000000083e-30,1.000000000000000083e-30,1.000000000000000083e-30,1.000000000000000083e-30,1.000000000000000083e-30,1.000000000000000083e-30,1.000000000000000083e-30,1.000000000000000083e-30,1.000000000000000083e-30,1.000000000000000083e-30,1.000000000000000083e-30,1.000000000000000083e-30,1.000000000000000083e-30,1.000000000000000083e-30
6.777245959131798827e+02,1.000000000000000083e-30,1.000000000000000083e-30,1.000000000000000083e-30,1.000000000000000083e-30,1.000000000000000083e-30,1.000000000000000083e-30,1.000000000000000083e-30,1.000000000000000083e-30,1.000000000000000083e-30,1.000000000000000083e-30,1.000000000000000083e-30,1.000000000000000083e-30,1.000000000000000083e-30,1.000000000000000083e-30,1.000000000000000083e-30
2.000251322934951986e+03,1.000000000000000083e-30,1.000000000000000083e-30,1.000000000000000083e-30,1.000000000000000083e-30,1.000000000000000083e-30,1.000000000000000083e-30,1.000000000000000083e-30,1.000000000000000083e-30,1.000000000000000083e-30,1.000000000000000083e-30,1.000000000000000083e-30,1.000000000000000083e-30,1.000000000000000083e-30,1.000000000000000083e-30,1.000000000000000083e-30
4.340946560838148798e+03,1.886973027951402149e-01,1.000000000000000083e-30,1.000000000000000083e-30,1.000000000000000083e-30,1.000000000000000083e-30,1.000000000000000083e-30,1.000000000000000083e-30,1.000000000000000083e-30,1.000000000000000083e-30,1.000000000000000083e-30,1.000000000000000083e-30,1.000000000000000083e-30,1.000000000000000083e-30,1.000000000000000083e-30,1.000000000000000083e-30
3.242072095247111065e+03,4.314355673773611670e+03,1.000000000000000083e-30,1.000000000000000083e-30,1.000000000000000083e-30,1.000000000000000083e-30,1.000000000000000083e-30,1.000000000000000083e-30,1.000000000000000083e-30,1.000000000000000083e-30,1.000000000000000083e-30,1.000000000000000083e-30,1.000000000000000083e-30,1.000000000000000083e-30,1.000000000000000083e-30,1.000000000000000083e-30
6.938975437064547805e+03,4.287523232045545228e+03,1.000000000000000083e-30,1.000000000000000083e-30,1.000000000000000083e-30,1.000000000000000083e-30,1.000000000000000083e-30,1.000000000000000083e-30,1.000000000000000083e-30,1.000000000000000083e-30,1.000000000000000083e-30,1.000000000000000083e-30,1.000000000000000083e-30,1.000000000000000083e-30,1.000000000000000083e-30,1.000000000000000083e-30
1.062821728756323864e+04,1.000000000000000083e-30,4.260715509653125082e+03,1.000000000000000083e-30,1.000000000000000083e-30,1.000000000000000083e-30,1.000000000000000083e-30,1.000000000000000083e-30,1.000000000000000083e-30,1.000000000000000083e-30,1.000000000000000083e-30,1.000000000000000083e-30,1.000000000000000083e-30,1.000000000000000083e-30,1.000000000000000083e-30,1.000000000000000083e-30
1.396414586816430710e+04,5.537365644245047847e+00,4.234038489077561280e+03,1.195471085270004119e+00,1.000000000000000083e-30,1.000000000000000083e-30,1.000000000000000083e-30,1.000000000000000083e-30,1.000000000000000083e-30,1.000000000000000083e-30,1.000000000000000083e-30,1.000000000000000083e-30,1.000000000000000083e-30,1.000000000000000083e-30,1.000000000000000083e-30,1.000000000000000083e-30
2.918308113139341003e+03,1.385238224624048416e+04,4.194445294360692060e+03,1.651079892022810114e+01,5.031612546935719348e-03,1.000000000000000083e-30,1.000000000000000083e-30,1.000000000000000083e-30,1.000000000000000083e-30,1.000000000000000083e-30,1.000000000000000083e-30,1.000000000000000083e-30,1.000000000000000083e-30,1.000000000000000083e-30,1.000000000000000083e-30,1.000000000000000083e-30
5.234953539055641158e+03,1.373869649850447422e+04,1.169228470988595703e+01,4.184665547650839471e+03,1.148400350475710763e+00,3.259721076992918155e-04,1.000000000000000083e-30,1.000000000000000083e-30,1.000000000000000083e-30,1.000000000000000083e-30,1.000000000000000083e-30,1.000000000000000083e-30,1.000000000000000083e-30,1.000000000000000083e-30,1.000000000000000083e-30,1.000000000000000083e-30
7.016626527887890916e+03,1.362603948850127199e+04,2.369959544407308272e+01,4.158589139925308700e+03,2.259806133537126893e+00,1.234030254399170242e-03,4.344125142364621620e-07,1.000000000000000083e-30,1.000000000000000083e-30,1.000000000000000083e-30,1.000000000000000083e-30,1.000000000000000083e-30,1.000000000000000083e-30,1.000000000000000083e-30,1.000000000000000083e-30,1.000000000000000083e-30
8.345372653476017149e+03,1.000000000000000083e-30,1.353824649124582356e+04,1.000000000000000083e-30,4.132737518828885186e+03,3.321399717811604368e+00,8.726683896473824354e-07,1.000000000000000083e-30,1.000000000000000083e-30,1.000000000000000083e-30,1.000000000000000083e-30,1.000000000000000083e-30,1.000000000000000083e-30,1.000000000000000083e-30,1.000000000000000083e-30,1.000000000000000083e-30
9.307933054533632458e+03,3.570948808225017146e+00,1.342827441152329629e+04,1.205590833187712363e+01,4.107096249931458260e+03,4.341772716439487034e+00,1.930322535229387010e-03,5.100539419350898507e-07,1.000000000000000083e-30,1.000000000000000083e-30,1.000000000000000083e-30,1.000000000000000083e-30,1.000000000000000083e-30,1.000000000000000083e-30,1.000000000000000083e-30,1.000000000000000083e-30
7.894057147247331159e+02,9.198992475054934403e+03,1.331982040775534188e+04,2.376716394502495433e+01,4.081684272180864809e+03,5.336775226105786807e+00,4.307027420742632305e-03,3.381848382923268373e-06,1.000000000000000083e-30,1.000000000000000083e-30,1.000000000000000083e-30,1.000000000000000083e-30,1.000000000000000083e-30,1.000000000000000083e-30,1.000000000000000083e-30,1.000000000000000083e-30
1.330159692925649551e+03,9.100230107360634065e+03,1.000000000000000083e-30,1.323643812745990544e+04,4.048609172644062710e+03,1.310977880420877106e+01,1.012644650500767352e+00,2.572061540246749624e-04,1.000000000000000083e-30,1.000000000000000083e-30,1.000000000000000083e-30,1.000000000000000083e-30,1.000000000000000083e-30,1.000000000000000083e-30,1.000000000000000083e-30,1.000000000000000083e-30
1.708053852959376172e+03,9.005340289501325969e+03,5.044202947987775687e+00,1.313076095690707552e+04,4.016947785175282206e+03,3.101969009247965303e+01,1.973572992005691473e+00,9.857147446064040437e-04,3.060714689222798787e-07,1.000000000000000083e-30,1.000000000000000083e-30,1.000000000000000083e-30,1.000000000000000083e-30,1.000000000000000083e-30,1.000000000000000083e-30,1.000000000000000083e-30
1.970735241910441118e+03,8.913507568196660941e+03,1.007262126776778288e+01,1.302648134321688303e+04,1.108049838999613002e+01,4.022997282659475786e+03,2.908896028313658011e+00,2.115865427472905791e-03,1.350916988990729819e-06,1.000000000000000083e-30,1.000000000000000083e-30,1.000000000000000083e-30,1.000000000000000083e-30,1.000000000000000083e-30,1.000000000000000083e-30,1.000000000000000083e-30
2.150122244917768057e+03,8.820113801324587257e+03,1.925933802420875196e+01,1.292355160410067401e+04,2.178501244752717625e+01,3.998233626196854402e+03,3.825308541683138053e+00,3.648685345302127205e-03,3.283076391473061944e-06,1.000000000000000083e-30,1.000000000000000083e-30,1.000000000000000083e-30,1.000000000000000083e-30,1.000000000000000083e-30,1.000000000000000083e-30,1.000000000000000083e-30
2.269245457275728313e+03,2.156321705571602743e-01,8.752216566066075757e+03,1.282192682074587537e+04,3.214890530212835529e+01,3.973662495503375794e+03,4.712202532679588884e+00,1.353292959858280221e-02,8.170570305074364756e-06,1.000000000000000083e-30,1.000000000000000083e-30,1.000000000000000083e-30,1.000000000000000083e-30,1.000000000000000083e-30,1.000000000000000083e-30,1.000000000000000083e-30
2.344958042970871247e+03,4.717398317614704406e-01,8.667081150735366464e+03,1.270366714694201255e+04,5.996448366190186618e+01,3.942769610173520505e+03,1.216459594347284323e+01,3.253989798613022427e-02,2.149564969424691151e-05,2.318124977014275810e-08,1.000000000000000083e-30,1.000000000000000083e-30,1.000000000000000083e-30,1.000000000000000083e-30,1.000000000000000083e-30,1.000000000000000083e-30
8.256827616568625672e+01,2.307459520353188054e+03,8.583784893350843049e+03,4.924287585404985457e+00,1.266417551158513015e+04,3.922242101044385436e+03,1.848804342623830266e+01,9.331416974772968054e-01,2.460404259797462643e-04,8.516977214118892537e-08,1.000000000000000083e-30,1.000000000000000083e-30,1.000000000000000083e-30,1.000000000000000083e-30,1.000000000000000083e-30,1.000000000000000083e-30
1.344661170069970808e+02,2.272098036883862733e+03,8.502174433072610555e+03,9.713054382317018565e+00,1.256591086401533357e+04,3.901789127966861088e+03,2.460104409084571486e+01,1.824962293605240982e+00,8.648259811834090992e-04,4.176265953277064574e-07,1.000000000000000083e-30,1.000000000000000083e-30,1.000000000000000083e-30,1.000000000000000083e-30,1.000000000000000083e-30,1.000000000000000083e-30
1.688556295950016306e+02,2.243304055881084878e+03,8.422135396159497759e+03,1.437338077499699196e+01,1.246880399075682180e+04,3.875336316055516818e+03,3.657214846367505601e+01,2.712764506835413592e+00,1.876195933953772599e-03,1.261387009680075445e-06,1.000000000000000083e-30,1.000000000000000083e-30,1.000000000000000083e-30,1.000000000000000083e-30,1.000000000000000083e-30,1.000000000000000083e-30
1.918803005746428312e+02,2.216052595828781250e+03,8.343572128245612475e+03,1.888147150251694129e+01,1.237281914564867839e+04,3.849323905761375045e+03,4.800150856043704550e+01,3.600364912148426022e+00,3.290475442816733972e-03,2.852498454944859650e-06,1.000000000000000083e-30,1.000000000000000083e-30,1.000000000000000083e-30,1.000000000000000083e-30,1.000000000000000083e-30,1.000000000000000083e-30
2.070602390702038349e+02,2.190058448093339393e+03,8.263661357403223519e+03,2.629160492997539933e+01,1.227793105995598853e+04,9.275312847677783523e+00,3.873461443734830937e+03,4.394705790308270466e+00,1.140064321698848297e-02,1.943443776532743361e-05,1.000000000000000083e-30,1.000000000000000083e-30,1.000000000000000083e-30,1.000000000000000083e-30,1.000000000000000083e-30,1.000000000000000083e-30
2.167160877613906109e+02,2.165117680291417855e+03,2.997525468955997141e-01,8.213904307085444088e+03,1.216968689769264711e+04,3.259766048701083463e+01,3.849818273908789251e+03,5.176992845677459876e+00,2.090797326241544338e-02,2.719499236519757533e-05,1.729191759294726334e-08,1.000000000000000083e-30,1.000000000000000083e-30,1.000000000000000083e-30,1.000000000000000083e-30,1.000000000000000083e-30
2.224679508586088730e+02,2.141081583473584487e+03,5.928039882386931803e-01,8.139129896343600194e+03,1.206305552056882334e+04,5.511183932244250627e+01,3.820734571330369818e+03,1.153408879768159601e+01,3.721892914090538934e-02,4.201440984083788387e-05,5.284393456127499260e-08,1.000000000000000083e-30,1.000000000000000083e-30,1.000000000000000083e-30,1.000000000000000083e-30,1.000000000000000083e-30
2.254678510105404712e+02,2.381862654388446424e-03,2.118423065988596591e+03,8.065573548081369154e+03,1.196225409975650655e+04,6.823661233450297914e+01,3.800588063511092969e+03,1.770581246195014913e+01,6.478566640637839491e-02,1.533064209365407767e-04,1.623447104426898013e-07,1.000000000000000083e-30,1.000000000000000083e-30,1.000000000000000083e-30,1.000000000000000083e-30,1.000000000000000083e-30
2.265385673798544417e+02,4.918317577735343248e-03,2.095872562302552069e+03,7.993175304018401221e+03,1.185767981672117639e+04,8.589537335367030835e+01,3.780604014979497606e+03,2.294186063390198527e+01,8.671369467729569402e-01,1.080071174432007406e-03,1.241649249331028238e-06,1.000000000000000083e-30,1.000000000000000083e-30,1.000000000000000083e-30,1.000000000000000083e-30,1.000000000000000083e-30
4.142711898184643360e+00,2.221297662528287731e+02,2.073951372847996481e+03,7.921890308311277295e+03,1.175474118365122195e+04,1.027492549061740448e+02,3.760708024367157577e+03,2.803149138764615600e+01,1.662880392905146110e+00,1.619582387131672692e-03,1.845637553945106782e-06,1.000000000000000083e-30,1.000000000000000083e-30,1.000000000000000083e-30,1.000000000000000083e-30,1.000000000000000083e-30
6.573043906343708720e+00,2.180593123176817301e+02,2.052600877065420718e+03,7.851677682926017042e+03,4.009710503688651784e+00,1.176836029702182350e+04,3.740772919458202068e+03,3.297779022973859497e+01,2.450531488542492031e+00,2.456256515208262749e-03,8.861076992839113329e-06,1.000000000000000083e-30,1.000000000000000083e-30,1.000000000000000083e-30,1.000000000000000083e-30,1.000000000000000083e-30
8.104908557311865991e+00,2.149181390831054728e+02,2.031773482830086095e+03,7.782775103187825152e+03,7.884527690444251391e+00,1.168016752679225829e+04,3.720913329804651312e+03,3.778901465960605321e+01,3.216334532575940930e+00,1.721667458373186965e-02,2.271876283268291430e-05,1.000000000000000083e-30,1.000000000000000083e-30,1.000000000000000083e-30,1.000000000000000083e-30,1.000000000000000083e-30
9.091270114592019169e+00,2.119754978537024783e+02,2.011428142555197610e+03,7.712571606100686040e+03,1.393164259397112659e+01,1.159289246435078530e+04,3.696928277311229522e+03,4.666114893255397789e+01,3.968665896571329288e+00,3.973132577453032666e-02,4.877656903546009079e-05,2.335304241354838896e-08,1.000000000000000083e-30,1.000000000000000083e-30,1.000000000000000083e-30,1.000000000000000083e-30
9.716023820873607164e+00,2.091966164842357330e+02,1.991530596111318118e+03,7.643415953101291962e+03,1.977341250655050686e+01,1.150651495310957580e+04,3.673175219714609284e+03,5.524589986450450141e+01,4.714017542672210404e+00,6.649753438520326909e-02,9.102882191878656755e-05,7.172709898172010863e-08,1.000000000000000083e-30,1.000000000000000083e-30,1.000000000000000083e-30,1.000000000000000083e-30
9.309424336127500865e+00,2.065556162585084223e+02,1.972054167267588355e+03,7.574929637233029098e+03,2.575344467519430225e+01,1.142102530461535935e+04,3.649645787502543953e+03,6.348314683251694390e+01,5.520466498490950613e+00,9.733912478859423068e-02,1.520606929284960265e-04,1.569364541910169698e-07,1.000000000000000083e-30,1.000000000000000083e-30,1.000000000000000083e-30,1.000000000000000083e-30
1.033067133129653037e+01,2.040326998159953575e+02,1.952908211722835631e+03,7.507510819993975929e+03,2.795136276186040547e+01,1.132895461255798728e+04,3.635890449229875685e+03,7.289224315851024016e+01,6.329756219759065772e+00,1.323728225748613263e-01,2.348865044365670482e-04,2.930637373052829117e-07,1.000000000000000083e-30,1.000000000000000083e-30,1.000000000000000083e-30,1.000000000000000083e-30
1.000955493320721956e+01,2.016123609635685625e+02,1.934135441591845392e+03,3.103754560168106025e-01,7.470822683327108280e+03,1.123796831862012550e+04,3.622037156631218750e+03,8.199039224297824546e+01,7.144248957474200523e+00,1.716814437428057505e-01,3.426202765657890108e-04,4.960524272227352686e-07,1.000000000000000083e-30,1.000000000000000083e-30,1.000000000000000083e-30,1.000000000000000083e-30
9.734402502998955597e+00,1.992822517322843510e+02,1.915715687908619202e+03,6.098040171874431481e-01,7.407045142370159738e+03,1.114804760922135938e+04,1.053629018695516528e+01,3.683968332023345283e+03,1.238392753854702910e+01,1.942834536410416590e-01,4.270926638945763028e-03,8.875317310253200883e-06,1.000000000000000083e-30,1.000000000000000083e-30,1.000000000000000083e-30,1.000000000000000083e-30
9.492017330627342986e+00,4.738233860636791976e-06,1.970324691578564398e+02,1.898290198776913257e+03,7.344106523729085893e+03,1.105916844874437265e+04,2.072906523248087396e+01,3.663998752061970663e+03,1.751028169376436239e+01,2.174128432046676107e-01,4.602825014848769408e-03,1.076530310649429298e-05,1.000000000000000083e-30,1.000000000000000083e-30,1.000000000000000083e-30,1.000000000000000083e-30
1.044009752309648320e+00,9.274081996826474494e+00,1.948548362846465807e+02,1.880573019164005927e+03,7.281985136896539188e+03,1.097130725418955444e+04,3.060870089909468206e+01,3.644112473928374129e+03,2.183293807689041799e+01,9.252740797307915654e-01,5.546717502316836183e-03,1.356188234717084499e-05,1.379859848138978890e-08,1.000000000000000083e-30,1.000000000000000083e-30,1.000000000000000083e-30
8.733212774224987651e-01,9.075062423085002550e+00,1.927425341132639289e+02,1.863159679354701893e+03,7.220889263529184063e+03,1.088128967656659370e+04,4.329901061138667018e+01,3.624343938219160918e+03,2.604762509193898623e+01,1.626722650060465236e+00,6.005614117107193999e-03,1.845006098462011250e-05,2.039028173906277202e-08,1.000000000000000083e-30,1.000000000000000083e-30,1.000000000000000083e-30
7.842752184364829571e-01,8.891133305977515278e+00,1.906898222023980338e+02,1.846036772785457742e+03,7.160563392431902685e+03,1.079237192424157365e+04,5.556373145638145417e+01,3.604669792011210575e+03,3.015738252688473864e+01,2.310438321498938574e+00,1.676545664134376085e-02,2.773898190292019931e-05,5.908151358139044433e-08,1.000000000000000083e-30,1.000000000000000083e-30,1.000000000000000083e-30
7.281024080880416083e-01,8.754862314762689834e+00,1.886918300734130014e+02,1.829192552614681517e+03,7.099232979442836040e+03,1.070584342621454925e+04,6.785829978948439134e+01,3.585090786879609823e+03,3.416540559675567579e+01,2.985121181504240884e+00,2.906287466909927494e-02,4.409058537216662581e-05,7.743809554813383570e-08,1.000000000000000083e-30,1.000000000000000083e-30,1.000000000000000083e-30
6.882486441290561752e-01,8.627275127935709165e+00,1.867443599555299443e+02,1.812618565818596153e+03,7.038693779152567913e+03,1.062032747548243242e+04,7.973719529119763649e+01,3.565606932759433221e+03,3.803755030303082663e+01,3.681548497482210358e+00,4.684609713730378960e-02,6.920281285847552249e-05,1.091150264374651704e-07,1.000000000000000083e-30,1.000000000000000083e-30,1.000000000000000083e-30
6.576752592024531774e-01,8.507001561656576172e+00,1.848437869684194368e+02,1.796302526634691048e+03,6.978926881855091779e+03,1.053576522985908014e+04,9.125294240363470522e+01,3.546120073112354930e+03,4.190847223862235182e+01,4.371055272201567199e+00,6.678408125755072589e-02,1.048857910096189129e-04,1.608280259180447226e-07,1.000000000000000083e-30,1.000000000000000083e-30,1.000000000000000083e-30
6.329118011144830858e-01,8.392977128100820750e+00,1.829869283301531198e+02,1.780235214814574192e+03,6.919914516560789707e+03,4.538974538632190914e+00,1.055011874199027807e+04,3.523624318115269489e+03,4.869125008422121681e+01,5.056169147726728319e+00,8.931360560571129092e-02,1.516426625867403123e-04,7.192233873750723914e-07,1.000000000000000083e-30,1.000000000000000083e-30,1.000000000000000083e-30
6.120582884141285707e-01,8.284368724974124021e+00,1.811710351157889249e+02,1.764362804011151866e+03,6.861482030995123750e+03,9.131810782785425573e+00,1.047394409236559659e+04,3.501309819544128459e+03,5.528332228575895613e+01,5.739025631008355610e+00,1.146942154809517805e-01,3.349139388240804306e-04,1.632785917207719488e-06,1.000000000000000083e-30,1.000000000000000083e-30,1.000000000000000083e-30
5.939854695415931474e-01,8.180503557058747433e+00,1.793936523607425499e+02,1.748724369928434726e+03,6.803776878694316110e+03,1.080799493239231879e+01,1.039279257080781099e+04,3.487622197952875467e+03,6.169668330598567962e+01,6.420601221221729382e+00,1.429134314731905220e-01,5.636373504062508607e-04,2.528531289142307797e-06,1.000000000000000083e-30,1.000000000000000083e-30,1.000000000000000083e-30
5.779791343229916389e-01,8.080834521330048759e+00,1.776523839998122014e+02,1.733312727333538987e+03,6.746782820002344124e+03,1.242857435396035548e+01,1.031250059307261108e+04,3.473852217812842355e+03,6.794340512536317078e+01,7.101871836310317931e+00,1.736773534356668147e-01,1.033152548184291001e-03,5.834548237370843056e-06,1.000000000000000083e-30,1.000000000000000083e-30,1.000000000000000083e-30
1.000000000000000083e-30,8.554721153872010930e+00,1.759454878688453334e+02,1.718120737997771357e+03,6.690470702285112566e+03,1.400927815769634854e+01,1.023305287219834281e+04,3.460005359348742786e+03,7.400678147274227570e+01,7.795644095725344336e+00,2.113126653802874511e-01,4.085094935937034523e-03,1.049517388917103920e-05,1.000000000000000083e-30,1.000000000000000083e-30,1.000000000000000083e-30
1.000000000000000083e-30,8.454365486347288794e+00,1.742712260421581618e+02,1.703139219020491964e+03,6.634842774850699243e+03,1.553765879240934211e+01,1.015443464817622407e+04,3.445189107732563571e+03,8.080636205159464680e+01,8.489489997068544014e+00,2.518317736733927670e-01,7.438470599973495342e-03,1.711583009503208063e-05,1.123735276151211983e-08,1.000000000000000083e-30,1.000000000000000083e-30
1.000000000000000083e-30,1.000000000000000083e-30,8.357407255588585215e+00,1.861055241214681246e+03,2.240526351675085348e-01,6.596680140582808235e+03,1.007662792635679398e+04,3.424768572911577394e+03,9.297738857624277387e+01,9.191715753517030407e+00,2.961486652126209540e-01,1.112019201287248182e-02,2.597286888506328910e-05,2.909741602215095979e-08,1.000000000000000083e-30,1.000000000000000083e-30
1.000000000000000083e-30,1.000000000000000083e-30,8.263548131495459970e+00,1.844925464238859149e+03,4.409567012608683889e-01,6.543591523444194536e+03,9.999622474841191433e+03,3.404463429553692094e+03,1.012286110168490865e+02,1.348010361185221484e+01,3.478962579206421046e-01,1.575290956069588799e-02,3.896070338602792302e-05,5.760826399780713778e-08,1.000000000000000083e-30,1.000000000000000083e-30
1.000000000000000083e-30,1.000000000000000083e-30,8.172523288702087996e+00,1.829015128571468949e+03,2.578811494029344641e-03,6.491751782915703188e+03,9.923404857439514672e+03,3.384272924514483293e+03,1.092393538813103504e+02,1.768066035823843052e+01,4.093420427208953605e-01,2.189874440164224154e-02,5.973137040738238655e-05,1.057269065421306075e-07,1.000000000000000083e-30,1.000000000000000083e-30
1.000000000000000083e-30,1.000000000000000083e-30,8.084103618069782726e+00,1.000000000000000083e-30,1.813323402545144518e+03,6.440053603838961862e+03,9.847962131633417812e+03,3.364196428294653742e+03,1.170169989530895691e+02,2.179490944395163154e+01,4.799563432563893617e-01,2.951872268079001882e-02,9.038169767225472638e-05,1.833627214075424307e-07,1.000000000000000083e-30,1.000000000000000083e-30
1.000000000000000083e-30,1.000000000000000083e-30,7.998090781635823099e+00,1.000000000000000083e-30,1.797836986934556762e+03,6.388927165101684295e+03,9.770917422684224221e+03,3.346595360592687484e+03,1.245685812245554018e+02,2.582552165854978554e+01,5.587576058507058852e-01,3.902058354855025141e-02,1.329637779688990125e-04,3.029679755499799539e-07,1.000000000000000083e-30,1.000000000000000083e-30
1.000000000000000083e-30,1.000000000000000083e-30,7.914311041488153897e+00,4.183873674969367251e-06,1.782553166937875858e+03,6.336942637182617545e+03,9.696116062439157758e+03,3.329022728629081030e+03,1.319086520722406135e+02,2.923722069784488653e+01,1.183279542005567508e+00,5.043790394587530090e-02,2.405902944346601370e-04,5.011562425627632329e-07,1.000000000000000083e-30,1.000000000000000083e-30
1.000000000000000083e-30,1.000000000000000083e-30,7.832611863655135842e+00,8.233858359792381841e-06,1.767466906858266839e+03,6.285550588614062690e+03,9.622082342535642965e+03,3.311488737734324786e+03,1.390363296181193959e+02,3.258076375180218065e+01,1.804923311866349245e+00,6.299894849374060302e-02,3.823990666613622576e-04,8.515423890552907615e-07,1.000000000000000083e-30,1.000000000000000083e-30
1.000000000000000083e-30,1.000000000000000083e-30,7.752855548403648100e+00,1.216816439285059073e-05,1.752573293175322988e+03,6.234740039147672178e+03,9.548804191116552829e+03,8.992931703052150283e+00,3.431127411469032722e+03,3.570756081715982333e+01,2.421389017619674622e+00,7.642800985132161551e-02,5.337778667242603237e-04,1.404022328706748750e-06,1.000000000000000083e-30,1.000000000000000083e-30
1.000000000000000083e-30,1.000000000000000083e-30,7.674924466257220246e+00,1.598928410820684196e-05,1.737867868216561874e+03,6.184500244175181251e+03,9.476268513673911002e+03,1.771233676596688156e+01,3.411832745451840765e+03,3.877401183113649807e+01,3.030513873428512639e+00,9.150068218893439576e-02,7.149318391579291554e-04,2.203801372505457039e-06,1.000000000000000083e-30,1.000000000000000083e-30
1.000000000000000083e-30,1.000000000000000083e-30,7.598711336222794266e+00,1.969974942652896442e-05,1.723346256238718070e+03,6.134820860623876797e+03,9.404463337254726866e+03,2.618657301364878620e+01,3.392636429424725520e+03,4.177531841749802055e+01,3.632266810487479347e+00,1.081354241589321807e-01,9.283017420117362084e-04,3.304018006991782760e-06,1.000000000000000083e-30,1.000000000000000083e-30
1.000000000000000083e-30,1.000000000000000083e-30,7.524119655713142230e+00,2.330211316958954581e-05,1.709004273229581713e+03,6.085691864321835055e+03,9.333377033062362898e+03,3.442289924950134861e+01,3.373538198924578865e+03,4.470274513985147280e+01,4.236542309163750630e+00,1.262715860268815715e-01,1.176113818397670494e-03,4.757959808328914661e-06,1.000000000000000083e-30,1.000000000000000083e-30
1.000000000000000083e-30,1.000000000000000083e-30,7.451062526916185647e+00,2.679893572021939356e-05,1.694837914388239142e+03,6.037103538534513063e+03,9.260927919088679118e+03,4.449777055124474856e+01,3.352201644641968414e+03,4.989683547891199566e+01,4.837791888444740174e+00,1.462215875709718116e-01,1.464139684473954013e-03,7.989910138241186358e-06,1.000000000000000083e-30,1.000000000000000083e-30
1.000000000000000083e-30,1.000000000000000083e-30,7.379461157865329746e+00,3.019274219729922991e-05,1.680843339666065049e+03,5.989046456975558613e+03,9.189217252764259683e+03,5.430477382069139480e+01,3.331022433786346937e+03,5.495083502723304036e+01,5.450679832415842085e+00,1.682876211622222618e-01,1.803003231033773130e-03,1.202130923885479119e-05,1.274187237017811057e-08,1.000000000000000083e-30
1.000000000000000083e-30,1.000000000000000083e-30,7.309244055853015176e+00,3.348610136810413441e-05,1.667016865187513986e+03,5.941511468818463072e+03,9.118247155100834789e+03,5.780864620339684734e+01,3.316026329382386393e+03,5.988266837237129181e+01,6.058178264169600702e+00,1.948364642975745908e-01,3.971257943556158292e-03,1.815405858749427102e-05,3.494562009473963461e-08,1.000000000000000083e-30
1.000000000000000083e-30,1.000000000000000083e-30,7.240345916174206309e+00,3.668153150190587214e-05,1.653354950477170860e+03,5.894489683492251970e+03,9.048005791222833068e+03,6.120709853726699379e+01,3.301018957220137054e+03,6.469712465118058731e+01,6.664042371885986249e+00,2.235233108917266676e-01,6.368683776931965794e-03,2.262729113707700345e-05,7.406030564522978019e-08,1.000000000000000083e-30
1.000000000000000083e-30,1.000000000000000083e-30,7.172706245995607688e+00,3.978151840461635754e-05,1.639852455204980515e+03,5.847967483246834490e+03,1.162079278214731115e+00,9.041848264021964496e+03,3.286045409302417738e+03,6.935902948677892255e+01,7.248404242390884100e+00,2.538338979573844245e-01,8.987336572608389806e-03,2.838747881130313107e-05,1.619242274688365653e-07,1.000000000000000083e-30
1.000000000000000083e-30,1.000000000000000083e-30,1.000000000000000083e-30,7.106310434519699015e+00,1.626507897929163391e+03,5.801941641903215896e+03,2.289590288281722064e+00,8.975123671970184660e+03,3.271067465327699665e+03,7.390782609071625586e+01,7.829689729773004814e+00,2.858041301241791010e-01,1.200897250874702338e-02,4.576283258377500141e-05,2.893981865426037687e-07,1.000000000000000083e-30
1.000000000000000083e-30,1.000000000000000083e-30,1.000000000000000083e-30,7.041028728460182684e+00,1.613318118352591910e+03,5.756247544007055694e+03,3.542378421344068329e+00,8.909029666336917217e+03,3.256087050146473757e+03,7.834587663783679545e+01,8.407633798078935072e+00,3.195366870814178029e-01,1.526249576602521640e-02,6.735142929356866968e-05,6.750390874439402496e-07,1.000000000000000083e-30
1.000000000000000083e-30,1.000000000000000083e-30,1.000000000000000083e-30,6.976854266558397022e+00,1.600280070699739554e+03,5.711037894871635217e+03,4.760622596562862796e+00,8.843557496575085679e+03,3.241106556194438781e+03,8.267567225376764384e+01,8.981992187631361091e+00,3.549465603605911346e-01,1.874645307682204151e-02,9.356277102275922515e-05,1.162715904051294399e-06,1.000000000000000083e-30
1.000000000000000083e-30,1.000000000000000083e-30,1.000000000000000083e-30,6.913743871216796677e+00,1.587390819269870235e+03,5.666304836568880091e+03,5.945267936918633644e+00,8.778695299870452800e+03,3.221531132217622144e+03,9.149478496354983292e+01,9.553677092510561408e+00,3.947613765152319654e-01,2.247833305569021944e-02,1.247139416232759170e-04,1.771571812105794345e-06,1.000000000000000083e-30
1.000000000000000083e-30,1.000000000000000083e-30,1.000000000000000083e-30,6.851657428148514306e+00,1.574647521531501297e+03,5.622040714840525652e+03,7.097239117023880439e+00,8.714437340905211386e+03,3.202075069881011586e+03,1.000885188834030828e+02,1.012757467670489753e+01,4.374696579582557088e-01,2.635983569660324197e-02,2.840099199906886084e-04,2.617481916392920769e-06,1.000000000000000083e-30
1.000000000000000083e-30,1.000000000000000083e-30,1.000000000000000083e-30,6.790557623533872267e+00,1.562047434507694334e+03,5.578238073835881551e+03,8.217423366331081169e+00,8.650775462345267442e+03,3.182737679744052457e+03,1.057237260260935727e+02,1.343925510502431742e+01,4.849521951368297445e-01,3.080389392680961402e-02,5.660261321979271568e-04,3.481641989311279952e-06,1.000000000000000083e-30
1.000000000000000083e-30,1.000000000000000083e-30,1.000000000000000083e-30,6.730409574493392277e+00,1.549587917460023391e+03,1.463961175029185324e-03,5.543190762844174969e+03,8.588711444004118675e+03,3.163512799173517124e+03,1.112080681154106117e+02,1.659133427567858732e+01,6.313852341591748019e-01,3.658751898885979903e-02,7.799538382408337375e-04,4.739233510782222315e-06,1.000000000000000083e-30
1.000000000000000083e-30,1.000000000000000083e-30,1.000000000000000083e-30,6.671180824639932005e+00,2.916842578909863991e-06,1.537269267013447461e+03,5.500369868807542844e+03,8.525624653106713595e+03,3.145979439499644286e+03,1.165456024301680458e+02,1.967981384162428071e+01,7.829309939303809029e-01,4.337108988968062934e-02,1.047291599284001871e-03,6.541450959020629963e-06,1.000000000000000083e-30
1.000000000000000083e-30,1.000000000000000083e-30,1.000000000000000083e-30,6.612840907671124313e+00,5.745052010209862195e-06,1.525084611864626368e+03,5.457985998068583285e+03,8.463126961632930033e+03,3.128518186773652360e+03,1.217398865514112600e+02,2.270293033205547673e+01,9.422589805639224325e-01,5.125538840281937403e-02,1.370983318324238594e-03,9.009025754168384738e-06,1.000000000000000083e-30
1.000000000000000083e-30,1.000000000000000083e-30,1.000000000000000083e-30,6.555361227943659941e+00,8.494221884957044847e-06,1.513033008132636496e+03,5.416032499823060789e+03,8.401210376390090460e+03,3.111129672800108438e+03,1.267944068559564812e+02,2.566186340501873531e+01,1.108889619519792591e+00,6.021141011102938700e-02,1.756197792775561267e-03,1.021679601457791734e-05,1.141528830176149027e-08
1.000000000000000083e-30,1.000000000000000083e-30,1.000000000000000083e-30,6.498714897209758590e+00,1.116646020352535048e-05,1.501112121066935515e+03,5.374502882364208745e+03,8.339867079182326052e+03,3.093814485475369565e+03,1.317123739037311339e+02,2.811281247545711892e+01,1.727148713475272990e+00,7.047594159446406159e-02,2.269669050994952385e-03,1.176065154571998372e-05,2.757531340694349409e-08
1.000000000000000083e-30,1.000000000000000083e-30,1.000000000000000083e-30,6.442876578383686770e+00,1.376381173250179421e-05,1.489319685254022716e+03,5.333390806698519555e+03,8.279089419668665869e+03,3.076573170810544980e+03,1.364972404472204630e+02,3.051083641575390004e+01,2.342218963193335224e+00,8.282347091632107083e-02,2.405202392049814002e-03,1.590184997114384150e-05,6.494757927235735789e-08
1.000000000000000083e-30,1.000000000000000083e-30,1.000000000000000083e-30,6.387822383168779261e+00,1.628826272826094785e-05,1.477653502206112080e+03,5.292690083073259302e+03,8.218869911674233663e+03,3.059402746406716233e+03,1.411556737489553655e+02,3.285036607411127818e+01,2.961960243429864192e+00,9.510259097537544781e-02,2.626159869668157672e-03,2.055810657593351202e-05,1.153553993764541529e-07
1.000000000000000083e-30,1.000000000000000083e-30,1.000000000000000083e-30,6.333529721656909750e+00,1.874174327740739472e-05,1.466111436183301748e+03,5.252394663028633659e+03,8.159201224726398323e+03,3.042307285879552637e+03,1.456871664714677763e+02,3.513856361912893078e+01,3.578695466068930298e+00,1.086066104075774780e-01,2.883701553964215011e-03,2.584813230601364231e-05,1.810203027559794194e-07
1.000000000000000083e-30,1.000000000000000083e-30,1.000000000000000083e-30,6.279977214362024718e+00,2.112612816637100376e-05,1.454691411991421774e+03,5.212498636070772591e+03,8.100076180343187843e+03,3.025287216187999547e+03,1.500947285386959322e+02,3.737637093060941140e+01,4.189655803865320216e+00,1.256203282898974982e-01,3.182091954219877766e-03,3.188978049587498767e-05,2.648482683587808785e-07
1.000000000000000083e-30,1.000000000000000083e-30,1.000000000000000083e-30,6.227144594654085985e+00,2.344323844730478076e-05,1.443391412179875033e+03,5.172996224613547383e+03,8.040048251532929498e+03,3.009781934900584474e+03,1.543812342029827107e+02,3.956506448242721063e+01,4.797019736105804455e+00,1.440844429492630918e-01,3.525508650355124902e-03,3.876130623899256948e-05,4.177951270667269270e-07
1.000000000000000083e-30,1.000000000000000083e-30,1.000000000000000083e-30,6.175012618193752800e+00,2.569484291141358199e-05,1.432209474323824224e+03,5.133881779996822843e+03,7.980585805745672587e+03,2.994316047493336100e+03,1.585494737944612211e+02,4.170589235718873056e+01,5.400777054879362105e+00,1.620296903380390174e-01,5.832408533499827512e-03,4.785812900212030075e-05,6.215268935451610322e-07
1.000000000000000083e-30,1.000000000000000083e-30,1.000000000000000083e-30,6.123562997828184251e+00,2.788265946068117689e-05,1.421142544095484936e+03,5.095150921549585291e+03,7.921681251774738485e+03,2.978890771290804423e+03,1.626022129448950295e+02,4.379970457181249799e+01,6.000717233403406681e+00,1.811392045139857132e-01,8.366464509877859224e-03,6.048838171943681527e-05,7.959787435775377197e-07
1.000000000000000083e-30,1.000000000000000083e-30,1.000000000000000083e-30,6.072778326912231073e+00,3.000835660331309973e-05,1.410189940091627932e+03,5.056797066530054508e+03,7.863319914911741762e+03,2.963514502417748645e+03,1.665421409353976685e+02,4.584733710617057767e+01,6.596643078163586971e+00,2.013645603136658968e-01,1.112526820272557657e-02,7.683961594815315983e-05,1.018852408532963977e-06
1.000000000000000083e-30,1.000000000000000083e-30,1.000000000000000083e-30,6.022641907680411855e+00,3.207355449024903418e-05,1.399349844769699530e+03,5.018814931564826111e+03,7.805502024402283496e+03,2.606176795019027548e+00,2.949085919282269970e+03,2.147508306211336446e+02,7.108247360683481730e+00,2.674523918644394760e-01,1.336352220569849217e-02,9.683238445070301351e-05,1.497867613438010718e-06
1.000000000000000083e-30,1.000000000000000083e-30,1.000000000000000083e-30,1.000000000000000083e-30,5.973169849831696077e+00,1.388620501713912063e+03,4.981195248057065328e+03,7.748224470920441490e+03,5.142330090965871570e+00,2.934685370940441771e+03,2.169290645892760097e+02,7.729237156310006185e+00,3.339910662435570110e-01,1.583741137128111612e-02,1.208562412450520752e-04,2.102100398149371002e-06
1.000000000000000083e-30,1.000000000000000083e-30,1.000000000000000083e-30,1.000000000000000083e-30,5.924283130911041972e+00,1.378000188965556617e+03,4.943829295552271105e+03,7.691583908417531347e+03,7.614607322413057489e+00,2.920313199158172665e+03,2.190426118516759857e+02,8.342131473206800152e+00,4.009902452699621311e-01,1.855647986827059157e-02,1.491966934392690723e-04,2.849524667055420734e-06
1.000000000000000083e-30,1.000000000000000083e-30,1.000000000000000083e-30,1.000000000000000083e-30,5.875999367183207589e+00,1.367487229644357285e+03,4.906822674430812185e+03,7.635462891961909918e+03,1.002452722353612735e+01,2.905970607574130099e+03,2.210927742303168202e+02,8.946931318508124065e+00,4.684016938822941900e-01,2.151380593607321243e-02,1.820970636851780230e-04,3.756950075064695995e-06
1.000000000000000083e-30,1.000000000000000083e-30,1.000000000000000083e-30,1.000000000000000083e-30,5.828304719606018480e+00,1.357079988230235813e+03,4.870170457434524906e+03,7.579854756758962139e+03,1.237358397307866120e+01,2.891658723888009717e+03,2.230808237034100614e+02,9.543641463501499445e+00,5.361788413156290956e-01,2.470250861586738983e-02,2.197820290045180704e-04,4.841070027351986999e-06
1.000000000000000083e-30,1.000000000000000083e-30,1.000000000000000083e-30,1.000000000000000083e-30,5.781185927885580611e+00,1.346776868996182429e+03,4.833867818300086583e+03,7.524752965765006593e+03,1.466322898983991507e+01,2.877378632526894307e+03,2.250080045885083280e+02,1.013022973035904606e+01,6.041142439704157985e-01,3.026048350208853169e-02,2.637562320773417465e-04,6.143497777778542297e-06
1.000000000000000083e-30,1.000000000000000083e-30,1.000000000000000083e-30,1.000000000000000083e-30,5.734630273620722640e+00,1.336576314510002248e+03,4.797910028693218010e+03,7.470151105981264664e+03,1.689487252997460587e+01,2.863131376150082360e+03,2.268755343604083805e+02,1.070863831001052624e+01,6.724033765202777069e-01,3.606911931958719369e-02,3.152650379379364409e-04,7.704594130588595134e-06
1.000000000000000083e-30,1.000000000000000083e-30,1.000000000000000083e-30,1.000000000000000083e-30,5.688625547334179799e+00,1.326476804231920596e+03,4.762292455300547772e+03,7.416042884909223176e+03,1.906988518022098233e+01,2.848917957033354014e+03,2.286846043972022642e+02,1.127888728985349154e+01,7.410125977351701421e-01,4.210871082512256114e-02,3.744534636950164262e-04,9.544149273727309219e-06
1.000000000000000083e-30,1.000000000000000083e-30,1.000000000000000083e-30,1.000000000000000083e-30,5.643160016861304307e+00,1.316476853150091529e+03,4.727010556962702140e+03,7.362422127080027167e+03,2.118958160402787527e+01,2.832097862195241760e+03,2.330762783869061252e+02,1.184225022598945820e+01,8.102065003724092662e-01,4.820258535656182786e-02,6.366529287288293310e-04,1.180335758181054330e-05
1.000000000000000083e-30,1.000000000000000083e-30,1.000000000000000083e-30,1.000000000000000083e-30,5.598222405895152853e+00,1.306575010530215877e+03,4.692059879679262849e+03,7.309282763590838840e+03,2.325527369139505396e+01,2.815374640086835370e+03,2.373101906820738805e+02,1.243680273964965899e+01,8.802593659917213875e-01,5.455642284368840411e-02,9.214188464370743140e-04,1.461440799629830213e-05
1.000000000000000083e-30,1.000000000000000083e-30,1.000000000000000083e-30,1.000000000000000083e-30,5.553801855829913592e+00,1.296769858808043409e+03,4.657436059149827997e+03,7.255956569904101343e+03,2.593045901409445619e+01,2.798747937564561198e+03,2.414262344824379056e+02,1.302556638716652238e+01,9.511308918092391540e-01,6.091492717107423877e-02,1.482672126170170215e-03,1.816171032433833447e-05
1.000000000000000083e-30,1.000000000000000083e-30,1.000000000000000083e-30,1.000000000000000083e-30,5.509887861303045753e+00,1.287060019549297522e+03,4.623134872425141111e+03,9.556860807816340564e-02,7.231563212627568646e+03,2.781803131854272124e+03,2.458433214851167747e+02,1.360232570307697308e+01,1.022068556238203918e+00,6.760390568169410974e-02,2.118110238678662209e-03,2.263048908844221622e-05
1.000000000000000083e-30,1.000000000000000083e-30,1.000000000000000083e-30,1.000000000000000083e-30,5.466470382390076210e+00,1.277444131085618892e+03,4.589152067698735664e+03,1.886419305857276185e-01,7.180642763528388969e+03,2.765975921885863499e+03,2.482566367340498061e+02,1.605300920367020723e+01,1.094769157958511929e+00,7.474241625747912732e-02,2.813103697269587946e-03,2.817484744362626763e-05
1.000000000000000083e-30,1.000000000000000083e-30,1.000000000000000083e-30,1.000000000000000083e-30,5.423539692537639567e+00,1.267920867680287756e+03,4.555483523100492675e+03,2.794306287138166311e-01,7.130158465295960013e+03,2.750228246425697307e+03,2.505905418541622680e+02,1.845497825717190565e+01,1.170107024455342204e+00,8.252234622581396117e-02,3.588469477638083112e-03,3.497951498472502165e-05
1.000000000000000083e-30,1.000000000000000083e-30,1.000000000000000083e-30,1.000000000000000083e-30,5.381086402551551018e+00,1.258488933155534369e+03,4.522125198278906282e+03,3.679865578445830621e-01,7.080105278524311871e+03,2.734560072029628827e+03,2.528468232297201439e+02,2.080901955380894819e+01,1.247922003476485076e+00,9.092019726099453969e-02,4.445024664215429730e-03,4.315869771573161464e-05
1.000000000000000083e-30,1.000000000000000083e-30,1.000000000000000083e-30,1.000000000000000083e-30,5.339103051384920029e+00,1.742455222907887638e-06,5.738277635107597234e+03,3.691828398295982638e-01,7.030573139320627888e+03,2.718960174366244246e+03,2.550180773418046272e+02,2.311490393180156389e+01,1.327956017863045624e+00,9.988646975095960556e-02,5.400018538486649720e-03,5.283403899588580107e-05
1.000000000000000083e-30,1.000000000000000083e-30,1.000000000000000083e-30,1.000000000000000083e-30,5.297579343759456272e+00,3.437655474916320857e-06,5.696329846611790344e+03,3.703006337557279704e-01,6.981459756151792135e+03,2.703440146738492786e+03,2.571156236095987992e+02,2.520654372746537675e+01,1.577941752701134792e+00,1.095135473240327340e-01,6.458320741772324153e-03,6.429078777544507909e-05
1.000000000000000083e-30,1.000000000000000083e-30,1.000000000000000083e-30,1.000000000000000083e-30,5.256506706213455615e+00,5.089782932016403092e-06,5.654766076780507319e+03,3.713424605952231339e-01,6.932760468056174432e+03,2.687999847210267944e+03,2.591410500987050227e+02,2.725390239738290177e+01,1.828418562168474759e+00,1.198611968018336582e-01,7.639192206043694637e-03,7.788543819352351685e-05
1.000000000000000083e-30,1.000000000000000083e-30,1.000000000000000083e-30,1.000000000000000083e-30,5.215876921195960136e+00,6.699866151916314035e-06,5.613581475895090989e+03,3.723106776048674682e-01,6.884470624057179521e+03,2.672638920788304404e+03,2.610962070524665251e+02,2.925775468336985696e+01,2.079219413074141265e+00,1.309012417383496052e-01,8.941833604129681770e-03,9.381729244357871179e-05
1.000000000000000083e-30,1.000000000000000083e-30,1.000000000000000083e-30,1.000000000000000083e-30,5.175682034322606206e+00,8.268905876798876022e-06,5.572771275194675582e+03,3.732075539537333397e-01,6.836585645836562435e+03,2.657357504912124568e+03,2.629824062964200380e+02,3.121886136584631544e+01,2.330184742714386914e+00,1.426060774176004797e-01,1.036528176654173683e-02,1.122779038918116551e-04
1.000000000000000083e-30,1.000000000000000083e-30,1.000000000000000083e-30,1.000000000000000083e-30,5.135914339248299321e+00,9.797875724810322816e-06,5.532330792045476301e+03,3.740352786626693349e-01,6.789101027941854227e+03,2.642155473579556201e+03,2.648011757786535441e+02,3.313796941094314974e+01,2.581162029496192112e+00,1.549486831613589299e-01,1.190842296149513882e-02,1.334507072237960102e-04
1.000000000000000083e-30,1.000000000000000083e-30,1.000000000000000083e-30,1.000000000000000083e-30,5.096566365513798935e+00,1.128772304529142761e-05,5.492255427935219814e+03,3.747959644336234519e-01,6.742012336140818661e+03,2.627032690499794626e+03,2.665537100614491806e+02,3.470819429526315503e+01,3.139722790384104290e+00,1.680599750974206830e-01,1.356440838384591341e-02,1.986009950355315933e-04
1.000000000000000083e-30,1.000000000000000083e-30,1.000000000000000083e-30,1.000000000000000083e-30,5.057630867239740091e+00,1.000000000000000083e-30,5.452540679044875105e+03,3.754916511738425333e-01,6.695315205764095481e+03,2.611989009527042981e+03,2.682417687169876785e+02,3.624394243637470225e+01,3.691570521013555872e+00,1.820559434367529927e-01,1.540280215128980029e-02,2.705947495403261596e-04
1.000000000000000083e-30,1.000000000000000083e-30,1.000000000000000083e-30,1.000000000000000083e-30,5.019100813340713785e+00,1.000000000000000083e-30,1.510210556951758539e-06,5.413558219445414579e+03,6.649005547278426093e+03,2.597024308970733273e+03,2.698666258098870685e+02,3.774572601075153955e+01,4.236689965728702489e+00,1.968970972830060007e-01,1.741952087775111221e-02,3.498665748271792379e-04
1.000000000000000083e-30,1.000000000000000083e-30,1.000000000000000083e-30,1.000000000000000083e-30,4.980969376690525863e+00,1.000000000000000083e-30,2.980625711139178189e-06,5.374552014032035913e+03,6.603078920402035692e+03,2.582136617358889907e+03,2.714315950910324204e+02,3.921423456661888451e+01,4.775070416670391893e+00,2.125450041032958814e-01,1.961043372771625881e-02,4.368199547893717718e-04
1.000000000000000083e-30,1.000000000000000083e-30,1.000000000000000083e-30,1.000000000000000083e-30,4.943229925705429295e+00,1.000000000000000083e-30,4.414597956067250864e-06,5.335893273706453328e+03,6.557531160019137133e+03,2.567327580040328030e+03,2.729362183902351262e+02,4.065005207846903801e+01,5.306704893916350585e+00,2.289622982067042178e-01,2.197137617451911870e-02,5.318265015563430074e-04
1.000000000000000083e-30,1.000000000000000083e-30,1.000000000000000083e-30,1.000000000000000083e-30,4.905876015476722252e+00,1.000000000000000083e-30,5.812967114198613138e-06,5.297577791728363991e+03,6.512358164565254810e+03,2.552597014297744408e+03,2.743818251288934675e+02,4.205375205564318009e+01,5.831589346992934075e+00,2.461126457459963390e-01,2.449815367206945732e-02,6.352276989012255572e-04
1.000000000000000083e-30,1.000000000000000083e-30,1.000000000000000083e-30,1.000000000000000083e-30,4.868901379793062922e+00,1.000000000000000083e-30,7.176551246148787687e-06,5.259601433661962801e+03,6.467555894687948239e+03,2.537944729557216760e+03,2.757697145109376038e+02,4.342589768739708234e+01,6.324006944168907296e+00,2.896540533061818246e-01,2.720182411106589551e-02,7.510238601759148397e-04
1.000000000000000083e-30,1.000000000000000083e-30,1.000000000000000083e-30,1.000000000000000083e-30,4.832299923464420388e+00,1.000000000000000083e-30,8.506147175160360589e-06,5.221960135609589088e+03,6.421722151221976674e+03,2.524768409458720726e+03,2.771011005554827875e+02,4.476726227232658317e+01,6.809454278903842805e+00,3.342302623299805431e-01,3.009013299541539802e-02,8.826158087019589198e-04
1.000000000000000083e-30,1.000000000000000083e-30,1.000000000000000083e-30,1.000000000000000083e-30,1.000000000000000083e-30,4.796065714782553613e+00,9.802531111299598568e-06,5.184649902034197112e+03,6.376283304263561149e+03,2.511637187240012736e+03,2.783771791853400259e+02,4.607867012157495878e+01,7.227735079305680266e+00,4.400799642082584562e-01,3.317106831516025006e-02,1.059150280579737851e-03
1.000000000000000083e-30,1.000000000000000083e-30,1.000000000000000083e-30,1.000000000000000083e-30,1.000000000000000083e-30,4.760192979795071722e+00,1.106645928656602274e-05,5.147666805094152551e+03,6.331234829628190710e+03,2.498551547373278481e+03,2.795991675143034172e+02,4.736063014109078040e+01,7.639762552283560382e+00,5.462218385560692058e-01,3.648703494975594208e-02,1.269236490582756035e-03
1.000000000000000083e-30,1.000000000000000083e-30,1.000000000000000083e-30,1.000000000000000083e-30,1.000000000000000083e-30,4.724676095223819594e+00,1.229866856990306957e-05,5.111006982621946008e+03,6.286572275371337128e+03,2.485511951472732108e+03,2.807682554294281658e+02,4.861364265809357477e+01,8.045570921413146337e+00,6.525920655573973495e-01,4.003116596444605824e-02,1.512804088395498141e-03
1.000000000000000083e-30,1.000000000000000083e-30,1.000000000000000083e-30,1.000000000000000083e-30,1.000000000000000083e-30,4.689509582448600611e+00,1.349987705487847322e-05,5.074663814273060780e+03,6.242294082179446377e+03,2.469366248052871924e+03,2.850373817797441234e+02,4.983811055688246938e+01,8.445757841767422391e+00,7.594586689455390394e-01,4.380313183781743558e-02,1.789789255624716453e-03
1.000000000000000083e-30,1.000000000000000083e-30,1.000000000000000083e-30,1.000000000000000083e-30,1.000000000000000083e-30,4.654688098034097443e+00,1.467078462508351472e-05,5.038636458094614682e+03,6.198393051112968351e+03,2.453338985136391329e+03,2.879472543312782022e+02,5.226964589800158478e+01,8.840855358059508617e+00,8.674193266377512312e-01,4.781815336040986381e-02,2.100667179445648517e-03
1.000000000000000083e-30,1.000000000000000083e-30,1.000000000000000083e-30,1.000000000000000083e-30,1.000000000000000083e-30,4.620206435144094570e+00,1.581207350518071587e-05,5.002921238328451182e+03,6.154864939494647842e+03,2.437429099712080188e+03,2.907636927603157915e+02,5.464527786041237789e+01,9.230809359135577097e+00,9.767006570688350209e-01,5.208571592118350219e-02,2.446100186987457299e-03
1.000000000000000083e-30,1.000000000000000083e-30,1.000000000000000083e-30,1.000000000000000083e-30,1.000000000000000083e-30,4.586059516887620369e+00,1.692440878938895893e-05,4.967514538897957209e+03,6.111705569559214382e+03,2.421635540947273967e+03,2.934887274616979198e+02,5.696606508567219862e+01,9.615610348333376578e+00,1.087189092856388095e+00,5.660057446162003458e-02,2.826298519038089509e-03
1.000000000000000083e-30,1.000000000000000083e-30,1.000000000000000083e-30,1.000000000000000083e-30,1.000000000000000083e-30,4.552242389900203356e+00,1.800843895096751097e-05,4.932412802263579579e+03,6.068910828215603942e+03,2.405957270693750615e+03,2.961243428576863721e+02,5.923304480241837666e+01,9.995251779163488948e+00,1.198775270509388591e+00,6.135734564183019379e-02,3.241415426852476203e-03
1.000000000000000083e-30,1.000000000000000083e-30,1.000000000000000083e-30,1.000000000000000083e-30,1.000000000000000083e-30,4.518750219763305154e+00,1.906479633423806584e-05,4.897612528108009428e+03,6.026476665658038655e+03,2.390393263251652570e+03,2.986724786193154273e+02,6.130065343933178923e+01,1.051627056882858824e+01,1.311376952359959436e+00,6.636520266877844743e-02,3.691907576175066773e-03
1.000000000000000083e-30,1.000000000000000083e-30,1.000000000000000083e-30,1.000000000000000083e-30,1.000000000000000083e-30,4.485578225980101585e+00,2.009409757910899221e-05,4.863110289150262361e+03,5.984399157274416211e+03,2.374942543348462095e+03,4.548676458475556572e+00,3.599099413879138183e+02,1.106254477696486482e+01,1.386591841862398145e+00,7.500328572847252129e-02,4.436358549117502825e-03
1.000000000000000083e-30,1.000000000000000083e-30,1.000000000000000083e-30,1.000000000000000083e-30,1.000000000000000083e-30,4.452721863580634043e+00,2.109694423989556502e-05,4.828902676875549332e+03,5.942674307494950881e+03,2.359604068434945475e+03,8.990368765251520955e+00,3.598177881537665712e+02,1.160347241698393717e+01,1.461395858495763145e+00,8.374470040419700056e-02,5.221607510674419056e-03
1.000000000000000083e-30,1.000000000000000083e-30,1.000000000000000083e-30,1.000000000000000083e-30,1.000000000000000083e-30,4.420176628402223251e+00,2.207392309669079140e-05,4.794986355756599551e+03,5.901298250075586111e+03,2.344376849748684890e+03,1.171040491509884696e+01,3.613183492751720678e+02,1.213754985729487323e+01,1.535846420780321075e+00,9.260510687811598918e-02,6.047375738582323572e-03
1.000000000000000083e-30,1.000000000000000083e-30,1.000000000000000083e-30,1.000000000000000083e-30,1.000000000000000083e-30,4.387938120644618856e+00,2.302560655297305057e-05,4.761358041670565399e+03,5.860267174592335323e+03,2.329259908817947235e+03,1.436886479363206881e+01,3.627538247695591735e+02,1.266497780731901912e+01,1.610070070413051946e+00,1.016017596754670016e-01,6.913808313328742745e-03
1.000000000000000083e-30,1.000000000000000083e-30,1.000000000000000083e-30,1.000000000000000083e-30,1.000000000000000083e-30,4.356002039395540315e+00,2.395255309063786482e-05,4.728014502110921967e+03,5.819577328433563707e+03,2.314252279040152644e+03,1.696697111295499028e+01,3.641256127599772299e+02,1.318574158576768163e+01,1.684034508821040665e+00,1.107279671598379450e-01,7.820269212911170817e-03
1.000000000000000083e-30,1.000000000000000083e-30,1.000000000000000083e-30,1.000000000000000083e-30,1.000000000000000083e-30,4.324364174918730264e+00,2.485530768360850581e-05,4.694952561182370118e+03,5.779225029043297582e+03,1.105514741164710157e+00,2.317754803615303899e+03,3.654440428129712473e+02,1.369019144042037261e+01,1.757680052091190381e+00,1.199756596523207236e-01,8.765863271962789569e-03
1.000000000000000083e-30,1.000000000000000083e-30,1.000000000000000083e-30,1.000000000000000083e-30,1.000000000000000083e-30,4.293020419365215723e+00,2.573440214584874744e-05,4.662169078807141887e+03,5.739206619547478113e+03,2.185096118980979885e+00,2.304365110296133935e+03,3.667024441971794886e+02,1.418691297619107239e+01,1.823699918944529319e+00,1.366597264409573909e-01,9.754150103091581772e-03
1.000000000000000083e-30,1.000000000000000083e-30,1.000000000000000083e-30,1.000000000000000083e-30,1.000000000000000083e-30,4.261966749641594276e+00,2.659035555738575746e-05,4.629660970045290924e+03,5.699518511963382480e+03,3.240595341791310258e+00,2.291049625044554432e+03,3.679017932494405727e+02,1.467583953039348899e+01,1.889234943053196059e+00,1.535873602446110597e-01,1.078854055811624170e-02
1.000000000000000083e-30,1.000000000000000083e-30,1.000000000000000083e-30,1.000000000000000083e-30,1.000000000000000083e-30,4.231199229489340574e+00,2.742367456728875467e-05,4.597425196776871417e+03,5.660157170396255424e+03,4.272487127119815931e+00,2.277808055852745383e+03,3.690433347613662249e+02,1.515702012654505459e+01,1.954271374845836462e+00,1.707441050036411778e-01,1.186796279491513298e-02
1.000000000000000083e-30,1.000000000000000083e-30,1.000000000000000083e-30,1.000000000000000083e-30,1.000000000000000083e-30,4.200714006476837348e+00,2.723148950105854692e-05,4.565458767944995998e+03,5.621119110378464939e+03,5.281236104611537030e+00,2.264640107876629827e+03,3.689758730295034184e+02,1.678234257490230874e+01,2.018954780110282510e+00,1.885054777654052993e-01,1.300894012018920590e-02
1.000000000000000083e-30,1.000000000000000083e-30,1.000000000000000083e-30,1.000000000000000083e-30,1.000000000000000083e-30,4.170507309285071962e+00,2.704094358647010676e-05,4.533758735317153878e+03,5.582400897423061906e+03,6.267297051553015308e+00,2.251542948059936862e+03,3.688792585611199115e+02,1.837523127660122313e+01,2.083412463107470636e+00,2.072191986958235033e-01,1.422833689136986796e-02
1.000000000000000083e-30,1.000000000000000083e-30,1.000000000000000083e-30,1.000000000000000083e-30,1.000000000000000083e-30,4.140575445309641722e+00,2.685201766182627233e-05,4.502322196109736069e+03,5.543999146827211916e+03,7.231115134287775525e+00,2.238518425868953273e+03,3.687520918133770351e+02,1.993620623006804848e+01,2.147618013449784424e+00,2.268386938986870771e-01,1.552540196521782524e-02
1.000000000000000083e-30,1.000000000000000083e-30,1.000000000000000083e-30,1.000000000000000083e-30,1.000000000000000083e-30,4.110914798021399363e+00,1.000000000000000083e-30,4.471146317477316188e+03,5.505910522372362720e+03,8.173126141623997754e+00,2.225566257814544315e+03,3.685950883160742819e+02,2.128357183273101327e+01,2.393670276646873596e+00,2.473603263902582894e-01,1.691993605261169625e-02
1.000000000000000083e-30,1.000000000000000083e-30,1.000000000000000083e-30,1.000000000000000083e-30,1.000000000000000083e-30,4.081521824606854310e+00,1.000000000000000083e-30,4.440228228793572271e+03,5.468131735404040228e+03,9.093756711294721740e+00,2.212686157535064922e+03,3.684089486404084255e+02,2.260282723876740363e+01,2.636513778526472063e+00,2.687614831957267358e-01,1.842746217218849472e-02
1.000000000000000083e-30,1.000000000000000083e-30,1.000000000000000083e-30,1.000000000000000083e-30,1.000000000000000083e-30,4.052393053833697856e+00,1.000000000000000083e-30,4.409565181363179363e+03,5.430659543868589026e+03,9.993424551287361624e+00,2.199877835916647655e+03,3.681943587353530916e+02,2.389444328384588800e+01,2.876154972758797612e+00,2.909968681885904962e-01,2.004578982816430238e-02
1.000000000000000083e-30,1.000000000000000083e-30,1.000000000000000083e-30,1.000000000000000083e-30,1.000000000000000083e-30,4.023525083648380019e+00,1.000000000000000083e-30,4.379154457612402439e+03,1.974887022307469497e-03,5.404361410731992692e+03,2.187145387654419665e+03,3.679475772905743156e+02,2.515886508901314755e+01,3.112597340335649054e+00,3.140252247985340084e-01,2.176974659688665076e-02
1.000000000000000083e-30,1.000000000000000083e-30,1.000000000000000083e-30,1.000000000000000083e-30,1.000000000000000083e-30,3.994914579624903705e+00,1.000000000000000083e-30,4.348993346686431323e+03,3.901882176122051585e-03,5.368350001643124415e+03,2.174484428891558309e+03,3.676733792732363213e+02,2.639656480946960571e+01,3.345850297956012298e+00,3.378017098221344772e-01,2.359950805536719862e-02
1.000000000000000083e-30,1.000000000000000083e-30,1.000000000000000083e-30,1.000000000000000083e-30,1.000000000000000083e-30,3.966558272121950335e+00,1.000000000000000083e-30,4.319079192697624421e+03,5.784258712230324652e-03,5.332616024943781667e+03,2.161894647111891572e+03,3.673724241679046258e+02,2.760798962388818723e+01,3.575923259097799178e+00,3.622851822017532086e-01,2.553273322461237574e-02
1.000000000000000083e-30,1.000000000000000083e-30,1.000000000000000083e-30,1.000000000000000083e-30,1.000000000000000083e-30,3.938452955197280669e+00,1.000000000000000083e-30,4.289409378125470539e+03,7.622958434514642140e-03,5.297156799219106688e+03,2.149375728577650534e+03,3.670453581357489270e+02,2.879357926805112200e+01,3.802826818557536015e+00,3.874358116270541497e-01,2.756705220797813979e-02
1.000000000000000083e-30,1.000000000000000083e-30,1.000000000000000083e-30,1.000000000000000083e-30,1.000000000000000083e-30,3.910595484506362407e+00,1.000000000000000083e-30,4.259981323082467497e+03,9.418900684742851845e-03,5.261969677561164644e+03,2.136927358088175424e+03,3.666926334296270511e+02,2.995394619405877634e+01,4.026572058649025010e+00,4.132150988727633090e-01,2.970007322085429363e-02
1.000000000000000083e-30,1.000000000000000083e-30,1.000000000000000083e-30,1.000000000000000083e-30,1.000000000000000083e-30,3.882982775526142571e+00,1.000000000000000083e-30,4.230792484564526603e+03,1.117298296023595469e-02,5.227052046962020540e+03,2.124549219092830754e+03,3.663150529835335760e+02,3.108933260323669145e+01,4.247171074888368203e+00,4.395857809137722061e-01,3.192938410299363261e-02
1.000000000000000083e-30,1.000000000000000083e-30,1.000000000000000083e-30,1.000000000000000083e-30,1.000000000000000083e-30,3.855611801858950471e+00,1.000000000000000083e-30,4.201840355739939696e+03,1.288608154596909347e-02,5.192401327726398449e+03,2.112240993797875035e+03,3.659132230579027691e+02,3.200832439162888932e+01,4.656389033886318529e+00,4.665515314247237755e-01,3.427293496749022478e-02
1.000000000000000083e-30,1.000000000000000083e-30,1.000000000000000083e-30,1.000000000000000083e-30,1.000000000000000083e-30,3.828479593589968033e+00,1.000000000000000083e-30,4.173122465259479213e+03,1.455905212429399291e-02,5.158014972918640524e+03,2.100002363282408623e+03,3.654877372358155867e+02,3.290684152217629332e+01,5.058696202298215816e+00,4.940977710081108643e-01,3.674442910152193181e-02
1.000000000000000083e-30,1.000000000000000083e-30,1.000000000000000083e-30,1.000000000000000083e-30,1.000000000000000083e-30,3.801583235752557410e+00,1.000000000000000083e-30,4.144636376569913409e+03,1.619273038285507296e-02,5.123890467752728910e+03,2.087833007570921836e+03,3.650391767096999160e+02,3.378523006554100050e+01,5.454170345802483055e+00,5.221878293007806704e-01,3.934006101579110015e-02
1.000000000000000083e-30,1.000000000000000083e-30,1.000000000000000083e-30,1.000000000000000083e-30,1.000000000000000083e-30,3.774919866903747145e+00,1.000000000000000083e-30,4.116379687285450927e+03,1.778793254713261288e-02,5.089200006847824625e+03,2.076556857071345348e+03,3.645690040236228810e+02,3.464394119887676737e+01,5.842961794217438332e+00,5.507860444965033686e-01,4.205625081477451510e-02
1.000000000000000083e-30,1.000000000000000083e-30,1.000000000000000083e-30,1.000000000000000083e-30,1.000000000000000083e-30,3.748486677439979431e+00,1.000000000000000083e-30,4.088350027010532813e+03,1.934545594948927985e-02,5.054784218937660626e+03,2.065331277441905513e+03,3.640768139334882108e+02,3.548342050538862225e+01,6.225219320622771946e+00,5.798581959909968608e-01,4.488956286995381822e-02
1.000000000000000083e-30,1.000000000000000083e-30,1.000000000000000083e-30,1.000000000000000083e-30,1.000000000000000083e-30,1.000000000000000083e-30,3.722280908549655098e+00,4.060545059785412377e+03,2.086607956015434570e-02,5.020638246003617496e+03,2.054158395810948605e+03,3.635631542490044694e+02,3.630398707679164261e+01,6.601013610240565654e+00,6.093713497828865400e-01,4.783636241959947355e-02
1.000000000000000083e-30,1.000000000000000083e-30,1.000000000000000083e-30,1.000000000000000083e-30,1.000000000000000083e-30,1.000000000000000083e-30,3.696299850723181013e+00,7.528668648170110264e-07,4.032962481183332784e+03,4.986783871450137667e+03,2.043036077899466818e+03,3.630285614062801756e+02,3.710595484592850113e+01,6.970415085961128021e+00,6.392936656678751550e-01,5.089304411745494694e-02
1.000000000000000083e-30,1.000000000000000083e-30,1.000000000000000083e-30,1.000000000000000083e-30,1.000000000000000083e-30,1.000000000000000083e-30,3.670540842381556867e+00,1.488075639949263078e-06,4.005600019951712056e+03,4.953175159969531705e+03,2.031964334210921606e+03,3.624735608003882703e+02,3.788963239720705900e+01,7.333493700382752500e+00,6.695943670559404426e-01,5.405603319647969696e-02
1.000000000000000083e-30,1.000000000000000083e-30,1.000000000000000083e-30,1.000000000000000083e-30,1.000000000000000083e-30,1.000000000000000083e-30,3.645001268710510445e+00,2.206811874827356234e-06,3.978455435173050319e+03,4.919830330593641520e+03,2.020943167934612120e+03,3.618986669415214124e+02,3.865532333792492636e+01,7.629148872507289347e+00,7.613831426385557766e-01,5.735231665388820094e-02
1.000000000000000083e-30,1.000000000000000083e-30,1.000000000000000083e-30,1.000000000000000083e-30,1.000000000000000083e-30,1.000000000000000083e-30,3.619678560477797902e+00,2.909402549054167202e-06,3.951526516465619807e+03,4.886746771112034367e+03,2.008143379477794269e+03,3.631332374454736964e+02,3.940327774030077990e+01,7.919752379629638739e+00,8.526927157575474592e-01,6.080544718899479756e-02
1.000000000000000083e-30,1.000000000000000083e-30,1.000000000000000083e-30,1.000000000000000083e-30,1.000000000000000083e-30,1.000000000000000083e-30,3.594570192522136054e+00,3.596167655724422874e-06,3.924811083311812126e+03,4.853921903511782148e+03,1.995433059130195943e+03,3.643093384503081893e+02,4.013374007606368110e+01,8.205596155514287560e+00,9.436467903601912788e-01,6.441328579343344463e-02
1.000000000000000083e-30,1.000000000000000083e-30,1.000000000000000083e-30,1.000000000000000083e-30,1.000000000000000083e-30,1.000000000000000083e-30,3.569673683327765357e+00,4.267420340506117104e-06,3.898306984705660398e+03,4.821353183337871997e+03,1.982811470273571103e+03,3.654282016876390458e+02,4.084700309254913719e+01,8.486720110755587854e+00,1.034215992277392582e+00,6.817082028720310161e-02
1.000000000000000083e-30,1.000000000000000083e-30,1.000000000000000083e-30,1.000000000000000083e-30,1.000000000000000083e-30,1.000000000000000083e-30,3.544986593592352353e+00,4.923467064198926023e-06,3.872012098562822302e+03,4.789038099209934444e+03,1.970277883956171536e+03,3.664910339161546631e+02,4.154335479452892343e+01,8.763164495586961422e+00,1.124372207925388167e+00,7.207309123094857162e-02
1.000000000000000083e-30,1.000000000000000083e-30,1.000000000000000083e-30,1.000000000000000083e-30,1.000000000000000083e-30,1.000000000000000083e-30,3.520506525111340324e+00,5.564607774949137351e-06,3.845924331173322571e+03,4.756974172220633591e+03,1.957831578760533148e+03,3.674990174860859611e+02,4.222307854546736650e+01,9.034969878464034210e+00,1.214088544256863189e+00,7.611519447906368863e-02
1.000000000000000083e-30,1.000000000000000083e-30,1.000000000000000083e-30,1.000000000000000083e-30,1.000000000000000083e-30,1.000000000000000083e-30,3.496231119844438684e+00,6.191136059831317462e-06,3.820041616717332545e+03,4.725158955399964725e+03,1.945471840709554954e+03,3.677534361243245371e+02,4.358619460793273248e+01,9.302161758835559624e+00,1.303474916340163547e+00,8.030250635423127892e-02
1.000000000000000083e-30,1.000000000000000083e-30,1.000000000000000083e-30,1.000000000000000083e-30,1.000000000000000083e-30,1.000000000000000083e-30,3.472158058628235455e+00,6.803339303647112524e-06,3.794361916876782743e+03,4.693590033536789633e+03,1.933197963392346992e+03,3.679698945013780076e+02,4.491839339845020618e+01,9.564762395968234188e+00,1.388356886897063269e+00,8.891885358463942624e-02
1.000000000000000083e-30,1.000000000000000083e-30,1.000000000000000083e-30,1.000000000000000083e-30,1.000000000000000083e-30,1.000000000000000083e-30,3.448285060857255502e+00,7.401498838188589778e-06,3.768883220123617320e+03,4.662265021863574475e+03,1.921009247373619928e+03,3.681492419990545955e+02,4.608863997012885960e+01,9.954345294394268961e+00,1.472912453607260419e+00,9.777975267645021284e-02
1.000000000000000083e-30,1.000000000000000083e-30,1.000000000000000083e-30,1.000000000000000083e-30,1.000000000000000083e-30,1.000000000000000083e-30,3.424609883202310634e+00,7.985890090491996022e-06,3.743603541374549422e+03,4.631181565983459222e+03,1.908905000373777966e+03,3.682923106828062032e+02,4.723092717184841405e+01,1.033747280832087156e+01,1.557098392998044645e+00,1.069119446461742895e-01
1.000000000000000083e-30,1.000000000000000083e-30,1.000000000000000083e-30,1.000000000000000083e-30,1.000000000000000083e-30,1.000000000000000083e-30,3.401130318759468807e+00,8.556782729747801656e-06,3.718520921505543811e+03,4.600337341288523021e+03,1.896884537140165094e+03,3.683999156768686021e+02,4.834576724809073056e+01,1.071420254869374844e+01,1.640886792726953480e+00,1.163039772135328470e-01
1.000000000000000083e-30,1.000000000000000083e-30,1.000000000000000083e-30,1.000000000000000083e-30,1.000000000000000083e-30,1.000000000000000083e-30,3.377844196327061344e+00,9.114440787158749403e-06,3.693633426972687175e+03,4.569730052558986245e+03,1.884947179377745670e+03,3.684728555160257315e+02,4.943366284976554681e+01,1.108459245189899534e+01,1.724250990465601152e+00,1.259446293366274505e-01
1.000000000000000083e-30,1.000000000000000083e-30,1.000000000000000083e-30,1.000000000000000083e-30,1.000000000000000083e-30,1.000000000000000083e-30,3.354749379392069297e+00,9.053370782180820042e-06,3.668939149901424571e+03,4.539357433399049114e+03,1.873092255642142618e+03,3.685119125461405361e+02,5.049510726032111307e+01,1.144870074720000375e+01,1.807165535283035140e+00,1.358229101323729648e-01
1.000000000000000083e-30,1.000000000000000083e-30,1.000000000000000083e-30,1.000000000000000083e-30,1.000000000000000083e-30,1.000000000000000083e-30,3.331843765385357869e+00,1.000000000000000083e-30,3.644436214839618060e+03,4.509217245780976555e+03,1.861319101252845712e+03,3.685178532664376121e+02,5.153058458588866841e+01,1.180658591700773741e+01,1.889606148292195309e+00,1.459280569880963829e-01
1.000000000000000083e-30,1.000000000000000083e-30,1.000000000000000083e-30,1.000000000000000083e-30,1.000000000000000083e-30,1.000000000000000083e-30,3.309125284945262369e+00,1.000000000000000083e-30,3.620122744165501899e+03,4.479307279595049295e+03,1.849627058207398250e+03,3.675944954579040882e+02,5.343749759268278154e+01,1.215813389795629185e+01,1.971712293298834684e+00,1.562625556625069634e-01
1.000000000000000083e-30,1.000000000000000083e-30,1.000000000000000083e-30,1.000000000000000083e-30,1.000000000000000083e-30,1.000000000000000083e-30,3.286591900853288006e+00,1.000000000000000083e-30,3.595996911378457753e+03,4.449625352723076503e+03,1.838015475414668344e+03,3.666580402955476643e+02,5.530085421203781948e+01,1.250323529624533592e+01,2.048224681714803985e+00,1.722205420269736220e-01
1.000000000000000083e-30,1.000000000000000083e-30,1.000000000000000083e-30,1.000000000000000083e-30,1.000000000000000083e-30,1.000000000000000083e-30,3.264241607988383365e+00,1.000000000000000083e-30,3.572056904155467237e+03,4.420169309463035461e+03,1.826483707923857082e+03,3.657088809727163152e+02,5.712143970668254411e+01,1.284196364850886596e+01,2.124564197119420239e+00,1.883331908595775039e-01
1.000000000000000083e-30,1.000000000000000083e-30,1.000000000000000083e-30,1.000000000000000083e-30,1.000000000000000083e-30,1.000000000000000083e-30,3.242072432161679174e+00,1.000000000000000083e-30,3.548300933181536038e+03,4.390937020663474868e+03,1.815031117201843017e+03,3.647474021928421166e+02,5.890002492168240167e+01,1.317439214987705398e+01,2.200697364856695426e+00,2.045902222383324531e-01
1.000000000000000083e-30,1.000000000000000083e-30,1.000000000000000083e-30,1.000000000000000083e-30,1.000000000000000083e-30,1.000000000000000083e-30,3.220082429538367652e+00,1.000000000000000083e-30,3.524727231808591569e+03,4.361926383337165134e+03,1.803657071057909661e+03,3.637739803477279565e+02,6.063736654594721642e+01,1.350059363271685875e+01,2.267733524854139482e+00,2.298449222297595518e-01
1.000000000000000083e-30,1.000000000000000083e-30,1.000000000000000083e-30,1.000000000000000083e-30,1.000000000000000083e-30,1.000000000000000083e-30,3.198269685976770305e+00,1.000000000000000083e-30,3.501334055675426498e+03,4.333135320240107831e+03,1.792360943561767499e+03,3.627889837023150790e+02,6.233420739710421543e+01,1.382064055199870367e+01,2.334368697933448367e+00,2.553566825115938799e-01
1.000000000000000083e-30,1.000000000000000083e-30,1.000000000000000083e-30,1.000000000000000083e-30,1.000000000000000083e-30,1.000000000000000083e-30,3.176632316264602185e+00,1.000000000000000083e-30,3.478119682290116543e+03,4.304561779406178175e+03,1.781142114950153200e+03,3.617927725914385064e+02,6.399127673068949207e+01,1.413460497715064079e+01,2.400583117551025492e+00,2.811062910781628177e-01
1.000000000000000083e-30,1.000000000000000083e-30,1.000000000000000083e-30,1.000000000000000083e-30,1.000000000000000083e-30,1.000000000000000083e-30,3.155168463677216373e+00,1.000000000000000083e-30,3.455082410746560981e+03,4.276203733826054304e+03,1.769999971566327076e+03,3.607856995697411548e+02,6.560929047138860426e+01,1.444255856981950892e+01,2.466357969798828709e+00,3.070750876881070957e-01
1.000000000000000083e-30,1.000000000000000083e-30,1.000000000000000083e-30,1.000000000000000083e-30,1.000000000000000083e-30,1.000000000000000083e-30,3.133876281224238447e+00,1.000000000000000083e-30,3.432220581489879805e+03,4.248059229319793303e+03,1.758933933795652820e+03,1.352255662792641644e+00,4.256061297294585870e+02,1.476847570831174039e+01,2.516662196662130313e+00,3.236284409426892772e-01
1.000000000000000083e-30,1.000000000000000083e-30,1.000000000000000083e-30,1.000000000000000083e-30,1.000000000000000083e-30,1.000000000000000083e-30,3.112753986294702457e+00,1.000000000000000083e-30,3.409532514949589768e+03,4.220126237572852006e+03,1.747943370935400480e+03,2.675397658490084485e+00,4.247979901939460774e+02,1.508858149902610890e+01,2.566540508508512453e+00,3.402174066012435549e-01
1.000000000000000083e-30,1.000000000000000083e-30,1.000000000000000083e-30,1.000000000000000083e-30,1.000000000000000083e-30,1.000000000000000083e-30,3.091799802963300259e+00,1.000000000000000083e-30,3.387016572581942455e+03,4.192402804089295387e+03,1.737027687326232126e+03,3.971104487803247096e+00,4.239708495814511480e+02,1.540269234685058564e+01,2.615865195047918590e+00,3.568336915008011867e-01
1.000000000000000083e-30,1.000000000000000083e-30,1.000000000000000083e-30,1.000000000000000083e-30,1.000000000000000083e-30,1.000000000000000083e-30,3.071011982117151540e+00,1.000000000000000083e-30,3.364671136200022829e+03,4.164886997702078588e+03,1.726186292974428852e+03,5.239861457083108576e+00,4.225002911889041570e+02,1.633546889325442208e+01,2.664705893928924763e+00,3.736559479713904564e-01
1.000000000000000083e-30,1.000000000000000083e-30,1.000000000000000083e-30,1.000000000000000083e-30,1.000000000000000083e-30,1.000000000000000083e-30,3.050388800203879036e+00,1.000000000000000083e-30,3.342494607323718810e+03,4.137576909975719900e+03,1.715418603450985529e+03,6.482144965560165062e+00,4.210242236902030868e+02,1.709896795746590925e+01,2.863265232676110106e+00,3.910521139630713239e-01
1.000000000000000083e-30,1.000000000000000083e-30,1.000000000000000083e-30,1.000000000000000083e-30,1.000000000000000083e-30,1.000000000000000083e-30,3.029928558697844387e+00,1.000000000000000083e-30,3.320485407176437548e+03,4.110470655451044877e+03,1.704724040139898761e+03,7.698422681314837313e+00,4.195429019973595928e+02,1.784650637001718110e+01,3.058653791114191556e+00,4.088651591984574507e-01
1.000000000000000083e-30,1.000000000000000083e-30,1.000000000000000083e-30,1.000000000000000083e-30,1.000000000000000083e-30,1.000000000000000083e-30,3.009629583616330262e+00,1.000000000000000083e-30,3.298641976205036372e+03,4.083566370964572798e+03,1.694102029990154278e+03,8.889153722901331989e+00,4.180540568511981405e+02,1.858086173682809417e+01,3.250901525522468472e+00,4.270725350845585022e-01
1.000000000000000083e-30,1.000000000000000083e-30,1.000000000000000083e-30,1.000000000000000083e-30,1.000000000000000083e-30,1.000000000000000083e-30,2.989490224969009624e+00,1.000000000000000083e-30,3.276962773762872530e+03,4.056862215314424247e+03,1.683552005458956955e+03,1.005478883689118774e+01,4.165601316428284804e+02,1.930008981385593714e+01,3.440038317259086931e+00,4.456523303694230331e-01
1.000000000000000083e-30,1.000000000000000083e-30,1.000000000000000083e-30,1.000000000000000083e-30,1.000000000000000083e-30,1.000000000000000083e-30,2.969508856299829080e+00,1.000000000000000083e-30,3.255446277823377841e+03,4.030356368938096693e+03,1.673073404447229677e+03,1.119577056300333773e+01,4.150613799065066019e+02,2.000442722112819283e+01,3.626094253626523489e+00,4.645827442997302326e-01
1.000000000000000083e-30,1.000000000000000083e-30,1.000000000000000083e-30,1.000000000000000083e-30,1.000000000000000083e-30,1.000000000000000083e-30,2.949683874198388622e+00,1.000000000000000083e-30,3.234090984676749486e+03,4.004047033571656357e+03,1.662665670229981743e+03,1.231253340396550122e+01,4.135580495662314320e+02,2.069410704227451347e+01,3.809099415342325212e+00,4.838426146998801580e-01
1.000000000000000083e-30,1.000000000000000083e-30,1.000000000000000083e-30,1.000000000000000083e-30,1.000000000000000083e-30,1.000000000000000083e-30,2.930013697857182020e+00,1.000000000000000083e-30,3.212895408649031651e+03,3.977932431933304542e+03,1.652328251392063748e+03,1.340550398502364438e+01,4.120503830537399494e+02,2.136935887595870298e+01,3.989083864955854875e+00,5.034114031514659304e-01
1.000000000000000083e-30,1.000000000000000083e-30,1.000000000000000083e-30,1.000000000000000083e-30,1.000000000000000083e-30,1.000000000000000083e-30,2.910496768626586128e+00,1.000000000000000083e-30,3.191858081821061660e+03,3.952010807407055381e+03,1.642060601763645764e+03,1.447510121206037148e+01,4.105386174253288800e+02,2.203040888819568721e+01,4.166077636176956922e+00,5.232691803322484514e-01
1.000000000000000083e-30,1.000000000000000083e-30,1.000000000000000083e-30,1.000000000000000083e-30,1.000000000000000083e-30,1.000000000000000083e-30,2.891131549603857653e+00,1.000000000000000083e-30,3.170977561681120733e+03,3.926280438394508110e+03,4.713170875599083098e-01,1.646913021327874731e+03,4.090272564032288187e+02,2.267501816311570195e+01,4.338570231817282519e+00,5.429040575231269816e-01
1.000000000000000083e-30,1.000000000000000083e-30,1.000000000000000083e-30,1.000000000000000083e-30,1.000000000000000083e-30,1.000000000000000083e-30,2.871916525164717182e+00,1.000000000000000083e-30,3.150252407523909824e+03,3.900739594851162110e+03,9.326271575987261642e-01,1.637346103422361921e+03,4.075124299069030371e+02,2.330598625141793434e+01,4.508057409833613249e+00,5.627590256727623697e-01
1.000000000000000083e-30,1.000000000000000083e-30,1.000000000000000083e-30,1.000000000000000083e-30,1.000000000000000083e-30,1.000000000000000083e-30,2.852850200463010744e+00,1.000000000000000083e-30,3.129681203039081993e+03,3.875386580340382352e+03,4.582632993795573428e-01,1.628761225120793824e+03,4.059943459451584999e+02,2.392318295808779993e+01,4.674557744480217991e+00,5.828160054784424782e-01
1.000000000000000083e-30,1.000000000000000083e-30,1.000000000000000083e-30,1.000000000000000083e-30,1.000000000000000083e-30,1.000000000000000083e-30,2.833931101168828182e+00,1.000000000000000083e-30,3.109262548522911857e+03,3.850219717727590250e+03,1.132290139737632479e-03,1.620204616895448225e+03,4.044733405409232887e+02,2.452704362412472250e+01,4.838120397414934715e+00,6.030594871413854641e-01
1.000000000000000083e-30,1.000000000000000083e-30,1.000000000000000083e-30,1.000000000000000083e-30,1.000000000000000083e-30,1.000000000000000083e-30,2.815157773134778552e+00,1.000000000000000083e-30,3.088995060793127777e+03,3.825236462879960527e+03,3.126039312682337649e-03,1.611235497582562175e+03,4.029495486927991124e+02,2.511767658282132132e+01,4.998771507866571540e+00,6.234729524499753595e-01
1.000000000000000083e-30,1.000000000000000083e-30,1.000000000000000083e-30,1.000000000000000083e-30,1.000000000000000083e-30,1.000000000000000083e-30,2.796528781954503273e+00,1.000000000000000083e-30,3.068877372827512772e+03,3.800436081671703505e+03,5.077716393634840349e-03,1.602311989549428745e+03,4.014231664105620894e+02,2.569529446415653950e+01,5.156544562279579580e+00,6.440408740723253533e-01
1.000000000000000083e-30,1.000000000000000083e-30,1.000000000000000083e-30,1.000000000000000083e-30,1.000000000000000083e-30,1.000000000000000083e-30,2.778042712572460715e+00,1.000000000000000083e-30,3.048908133534383978e+03,3.775816953390733488e+03,6.988092857944922139e-03,1.593433950112905677e+03,3.998943856214639823e+02,2.626010670902946487e+01,5.311472847015092036e+00,6.647482191593598877e-01
1.000000000000000083e-30,1.000000000000000083e-30,1.000000000000000083e-30,1.000000000000000083e-30,1.000000000000000083e-30,1.000000000000000083e-30,2.759698168909086924e+00,1.000000000000000083e-30,3.029086007505315138e+03,3.751377475660253822e+03,8.857923144675285826e-03,1.584601234788548254e+03,3.983633940730362042e+02,2.670804241896928488e+01,5.567848886130087216e+00,6.855979412265230666e-01
1.000000000000000083e-30,1.000000000000000083e-30,1.000000000000000083e-30,1.000000000000000083e-30,1.000000000000000083e-30,1.000000000000000083e-30,2.741493773493376196e+00,1.000000000000000083e-30,3.009409674778171848e+03,3.727116064179344903e+03,9.636972383032089279e-03,1.575814748348858757e+03,3.968303754208480996e+02,2.714548414140516996e+01,5.819512346106358258e+00,7.065897646160281820e-01
1.000000000000000083e-30,1.000000000000000083e-30,1.000000000000000083e-30,1.000000000000000083e-30,1.000000000000000083e-30,1.000000000000000083e-30,1.000000000000000083e-30,2.723428167178204351e+00,2.989877830626726791e+03,1.000000000000000083e-30,3.703041551509611054e+03,1.567072823133434213e+03,3.952959589139285299e+02,2.757260058994124208e+01,6.066525104409351776e+00,7.277088112495132544e-01
1.000000000000000083e-30,1.000000000000000083e-30,1.000000000000000083e-30,1.000000000000000083e-30,1.000000000000000083e-30,1.000000000000000083e-30,1.000000000000000083e-30,2.705500006990251727e+00,2.970489184499943804e+03,1.000000000000000083e-30,3.679132335196916301e+03,1.558375766229677765e+03,3.937598616593074894e+02,2.798956420400078215e+01,6.308948376840342931e+00,7.489406905917741497e-01
1.000000000000000083e-30,1.000000000000000083e-30,1.000000000000000083e-30,1.000000000000000083e-30,1.000000000000000083e-30,1.000000000000000083e-30,1.000000000000000083e-30,2.687707969445040757e+00,2.951242461442360764e+03,1.000000000000000083e-30,3.655396520885425616e+03,1.549723426870678622e+03,3.922222556650336855e+02,2.839654163246073892e+01,6.546842590880424417e+00,7.702714671919353995e-01
1.000000000000000083e-30,1.000000000000000083e-30,1.000000000000000083e-30,1.000000000000000083e-30,1.000000000000000083e-30,1.000000000000000083e-30,1.000000000000000083e-30,2.670050748530060414e+00,2.932136401134281641e+03,1.000000000000000083e-30,3.631832594379737657e+03,1.541115652812485223e+03,3.906833091366252688e+02,2.879369689827455048e+01,6.780267516322232346e+00,7.916876610954162174e-01
1.000000000000000083e-30,1.000000000000000083e-30,1.000000000000000083e-30,1.000000000000000083e-30,1.000000000000000083e-30,1.000000000000000083e-30,1.000000000000000083e-30,2.652527055312613236e+00,2.913169757638012470e+03,1.000000000000000083e-30,3.608439058332741297e+03,1.532552290403675897e+03,3.891431865638313639e+02,2.918119144944697751e+01,7.009282272749909559e+00,8.131762364425859646e-01
1.000000000000000083e-30,1.000000000000000083e-30,1.000000000000000083e-30,1.000000000000000083e-30,1.000000000000000083e-30,1.000000000000000083e-30,1.000000000000000083e-30,2.635135617356719973e+00,2.894341299054811316e+03,1.000000000000000083e-30,3.585214431874143429e+03,1.523094387014579070e+03,3.885407262297870830e+02,2.955916414329923114e+01,7.186107635224525225e+00,8.827243500365181683e-01
1.000000000000000083e-30,1.000000000000000083e-30,1.000000000000000083e-30,1.000000000000000083e-30,1.000000000000000083e-30,1.000000000000000083e-30,1.000000000000000083e-30,2.617875178178385553e+00,2.875649806761353375e+03,1.000000000000000083e-30,3.562157249462227810e+03,1.513699432162452695e+03,3.879183183192586171e+02,2.992775346795693991e+01,7.359600345164054147e+00,9.516402744419575344e-01
1.000000000000000083e-30,1.000000000000000083e-30,1.000000000000000083e-30,1.000000000000000083e-30,1.000000000000000083e-30,1.000000000000000083e-30,1.000000000000000083e-30,2.600744497647894171e+00,2.857094076405143369e+03,1.000000000000000083e-30,3.539266062564375261e+03,1.504366949037549148e+03,3.872764459574985381e+02,3.028711485399107772e+01,7.529800809616548740e+00,1.019917651002152814e+00
1.000000000000000083e-30,1.000000000000000083e-30,1.000000000000000083e-30,1.000000000000000083e-30,1.000000000000000083e-30,1.000000000000000083e-30,1.000000000000000083e-30,2.583742351919172009e+00,2.838672917025804054e+03,3.413613205010323279e-07,3.516539438734082978e+03,1.495096465245308082e+03,3.866155828916850510e+02,3.063740124763656070e+01,7.688092727408816884e+00,1.096210538827765646e+00
1.000000000000000083e-30,1.000000000000000083e-30,1.000000000000000083e-30,1.000000000000000083e-30,1.000000000000000083e-30,1.000000000000000083e-30,1.000000000000000083e-30,2.566867532617207903e+00,2.820385151647252314e+03,6.754338934570790365e-07,3.493975961148552415e+03,1.485887512694130692e+03,3.859361938304737691e+02,3.097876320199700118e+01,7.843197645114287297e+00,1.171828439222299512e+00
1.000000000000000083e-30,1.000000000000000083e-30,1.000000000000000083e-30,1.000000000000000083e-30,1.000000000000000083e-30,1.000000000000000083e-30,1.000000000000000083e-30,2.550118846401475459e+00,1.000000000000000083e-30,2.802229616966067169e+03,3.471574228302660686e+03,1.476739627524383195e+03,3.852387346785362752e+02,3.131134893376458450e+01,7.995158059325079059e+00,1.246763163844709421e+00
1.000000000000000083e-30,1.000000000000000083e-30,1.000000000000000083e-30,1.000000000000000083e-30,1.000000000000000083e-30,1.000000000000000083e-30,1.000000000000000083e-30,2.533495115073282733e+00,1.000000000000000083e-30,2.784205159988362993e+03,3.449332853959083423e+03,1.467652350098982879e+03,3.845236525975494715e+02,3.163530432965092842e+01,8.144016017911269500e+00,1.321007033748125892e+00
1.000000000000000083e-30,1.000000000000000083e-30,1.000000000000000083e-30,1.000000000000000083e-30,1.000000000000000083e-30,1.000000000000000083e-30,1.000000000000000083e-30,2.516995175380021266e+00,1.000000000000000083e-30,2.766310642930025551e+03,3.427250466976012376e+03,1.458625224964672725e+03,3.837913861507304887e+02,3.185498957648266583e+01,8.385596355789207479e+00,1.394552952044776140e+00
1.000000000000000083e-30,1.000000000000000083e-30,1.000000000000000083e-30,1.000000000000000083e-30,1.000000000000000083e-30,1.000000000000000083e-30,1.000000000000000083e-30,2.500617878369385760e+00,1.000000000000000083e-30,2.748544939820769741e+03,3.405325710932991569e+03,1.449657800771949724e+03,3.830423655939256946e+02,3.206783963511706048e+01,8.622646844478710548e+00,1.467394100717673400e+00
1.000000000000000083e-30,1.000000000000000083e-30,1.000000000000000083e-30,1.000000000000000083e-30,1.000000000000000083e-30,1.000000000000000083e-30,1.000000000000000083e-30,2.484362089447716304e+00,1.000000000000000083e-30,2.730906937123463649e+03,3.383557244025159889e+03,1.440749630238553436e+03,3.819249888302760496e+02,3.262596054638329690e+01,8.855130323050902419e+00,1.539638684071571229e+00
1.000000000000000083e-30,1.000000000000000083e-30,1.000000000000000083e-30,1.000000000000000083e-30,1.000000000000000083e-30,1.000000000000000083e-30,1.000000000000000083e-30,2.468226687812804965e+00,1.000000000000000083e-30,2.713395533472538773e+03,3.361943738851231956e+03,1.431900270146103821e+03,3.807986325800776513e+02,3.317051284135921208e+01,9.083013786175195392e+00,1.611368914967187260e+00
1.000000000000000083e-30,1.000000000000000083e-30,1.000000000000000083e-30,1.000000000000000083e-30,1.000000000000000083e-30,1.000000000000000083e-30,1.000000000000000083e-30,2.452210566701051864e+00,1.000000000000000083e-30,2.696009639609173973e+03,3.340483882192452711e+03,1.423109281209196297e+03,3.796635884205451248e+02,3.370173185285567996e+01,9.306360171101852430e+00,1.682571185283230353e+00
1.000000000000000083e-30,1.000000000000000083e-30,1.000000000000000083e-30,1.000000000000000083e-30,1.000000000000000083e-30,1.000000000000000083e-30,1.000000000000000083e-30,2.436312632800852196e+00,1.000000000000000083e-30,2.678748178106210162e+03,3.319176374783517076e+03,1.414376228065014629e+03,3.785201421252151590e+02,3.421984892804108114e+01,9.525231704132337995e+00,1.753232554590429260e+00
1.000000000000000083e-30,1.000000000000000083e-30,1.000000000000000083e-30,1.000000000000000083e-30,1.000000000000000083e-30,1.000000000000000083e-30,1.000000000000000083e-30,2.420531806080130632e+00,1.000000000000000083e-30,2.661610083226089500e+03,3.298019931145593091e+03,1.405700679234627160e+03,3.773685737668439515e+02,3.472509149362924319e+01,9.739689902168649382e+00,1.823340730943441512e+00
1.000000000000000083e-30,1.000000000000000083e-30,1.000000000000000083e-30,1.000000000000000083e-30,1.000000000000000083e-30,1.000000000000000083e-30,1.000000000000000083e-30,2.404867019749387325e+00,1.000000000000000083e-30,2.644594300846461920e+03,3.277013279487622640e+03,1.397082207100494770e+03,3.762091577862689746e+02,3.521768309888704351e+01,9.949795567590712153e+00,1.892884048498999494e+00
1.000000000000000083e-30,1.000000000000000083e-30,1.000000000000000083e-30,1.000000000000000083e-30,1.000000000000000083e-30,1.000000000000000083e-30,1.000000000000000083e-30,2.389317220362692673e+00,1.000000000000000083e-30,2.627699788455957787e+03,3.256155161678396780e+03,1.388520387900676951e+03,3.750421630266245643e+02,3.569784343564562334e+01,1.015560877495349956e+01,1.961851442995127259e+00
1.000000000000000083e-30,1.000000000000000083e-30,1.000000000000000083e-30,1.000000000000000083e-30,1.000000000000000083e-30,1.000000000000000083e-30,1.000000000000000083e-30,2.373881366676931393e+00,1.000000000000000083e-30,2.610925514547738658e+03,3.235444332620185378e+03,1.380014801581998199e+03,3.738678530562403353e+02,3.616578855137973392e+01,1.035718893090975889e+01,2.030232448318920024e+00
1.000000000000000083e-30,1.000000000000000083e-30,1.000000000000000083e-30,1.000000000000000083e-30,1.000000000000000083e-30,1.000000000000000083e-30,1.000000000000000083e-30,2.358558428779914173e+00,1.000000000000000083e-30,2.594270458125836740e+03,3.214879559729518405e+03,1.371565031677258730e+03,3.722413950068132635e+02,3.706677350562317486e+01,1.055448298785093719e+01,2.098153566777707368e+00
1.000000000000000083e-30,1.000000000000000083e-30,1.000000000000000083e-30,1.000000000000000083e-30,1.000000000000000083e-30,1.000000000000000083e-30,1.000000000000000083e-30,2.343347391039991567e+00,1.000000000000000083e-30,2.577733610181394397e+03,3.194459624476300178e+03,1.363170665727898268e+03,3.706168662788937809e+02,3.794718452502956296e+01,1.074744275058007226e+01,2.165710500087846491e+00
1.000000000000000083e-30,1.000000000000000083e-30,1.000000000000000083e-30,1.000000000000000083e-30,1.000000000000000083e-30,1.000000000000000083e-30,1.000000000000000083e-30,2.328247248120877799e+00,1.000000000000000083e-30,2.561313971519440656e+03,3.174183320006789927e+03,1.354831294599352077e+03,3.689943721218094197e+02,3.880737202454481150e+01,1.093613442262337543e+01,2.232884701384469039e+00
1.000000000000000083e-30,1.000000000000000083e-30,1.000000000000000083e-30,1.000000000000000083e-30,1.000000000000000083e-30,1.000000000000000083e-30,1.000000000000000083e-30,2.313257007398051179e+00,1.000000000000000083e-30,2.545010553963070379e+03,3.154049452416053555e+03,1.346546512846766291e+03,3.673740150479369504e+02,3.964768035494554255e+01,1.112062323166966671e+01,2.299658416617753165e+00
1.000000000000000083e-30,1.000000000000000083e-30,1.000000000000000083e-30,1.000000000000000083e-30,1.000000000000000083e-30,1.000000000000000083e-30,1.000000000000000083e-30,2.298375688012063822e+00,1.000000000000000083e-30,2.528822379858392651e+03,3.134056840239248686e+03,1.338315918595396852e+03,3.657558949888866096e+02,4.046844808476882349e+01,1.130097348264751567e+01,2.366014674169901078e+00
1.000000000000000083e-30,1.000000000000000083e-30,1.000000000000000083e-30,1.000000000000000083e-30,1.000000000000000083e-30,1.000000000000000083e-30,1.000000000000000083e-30,2.283602320629728677e+00,1.000000000000000083e-30,2.512748481903299307e+03,3.114204314257683109e+03,1.330139113494595904e+03,3.641401093569580212e+02,4.127000811885978493e+01,1.147724857412131172e+01,2.431937263168529650e+00
1.000000000000000083e-30,1.000000000000000083e-30,1.000000000000000083e-30,1.000000000000000083e-30,1.000000000000000083e-30,1.000000000000000083e-30,1.000000000000000083e-30,2.268935947244710150e+00,1.000000000000000083e-30,2.496787902997334641e+03,3.094490717326948015e+03,1.322015702676883848e+03,3.625267531001662178e+02,4.205268780498126802e+01,1.164951101221186569e+01,2.497410711541344863e+00
1.000000000000000083e-30,1.000000000000000083e-30,1.000000000000000083e-30,1.000000000000000083e-30,1.000000000000000083e-30,1.000000000000000083e-30,1.000000000000000083e-30,2.254375621062001844e+00,1.000000000000000083e-30,2.480939696135251779e+03,3.074914904249432311e+03,1.313945294727480132e+03,3.609159187443865449e+02,4.281680901710805642e+01,1.181782241927000854e+01,2.562420262986916608e+00
1.000000000000000083e-30,1.000000000000000083e-30,1.000000000000000083e-30,1.000000000000000083e-30,1.000000000000000083e-30,1.000000000000000083e-30,1.000000000000000083e-30,2.239920406344286796e+00,1.000000000000000083e-30,2.465202924282888489e+03,3.055475741629679760e+03,1.305927501649729265e+03,3.593076964401655005e+02,4.356268824701255937e+01,1.198224354478629472e+01,2.626951855168842886e+00
1.000000000000000083e-30,1.000000000000000083e-30,1.000000000000000083e-30,1.000000000000000083e-30,1.000000000000000083e-30,1.000000000000000083e-30,1.000000000000000083e-30,2.225569378167814083e+00,1.000000000000000083e-30,2.449576660207589157e+03,3.036172107684400089e+03,1.297961938819686111e+03,3.577021740220292259e+02,4.429063671843849903e+01,1.214283428196486447e+01,2.690992100364101081e+00
1.000000000000000083e-30,1.000000000000000083e-30,1.000000000000000083e-30,1.000000000000000083e-30,1.000000000000000083e-30,1.000000000000000083e-30,1.000000000000000083e-30,2.211321622321183344e+00,1.000000000000000083e-30,2.434059986380965711e+03,3.017002892125079143e+03,1.290048224957766251e+03,3.560994370467927297e+02,4.500096046357175084e+01,1.229965367559046996e+01,2.754528263884890915e+00
1.000000000000000083e-30,1.000000000000000083e-30,1.000000000000000083e-30,1.000000000000000083e-30,1.000000000000000083e-30,1.000000000000000083e-30,1.000000000000000083e-30,2.197176234938685191e+00,1.000000000000000083e-30,2.418651994746352557e+03,2.997966995905188924e+03,1.282185982068268686e+03,3.544995688698598997e+02,4.569396046796121169e+01,1.245275994651520968e+01,2.817548248666442490e+00
1.000000000000000083e-30,1.000000000000000083e-30,1.000000000000000083e-30,1.000000000000000083e-30,1.000000000000000083e-30,1.000000000000000083e-30,1.000000000000000083e-30,2.183132322473151810e+00,1.000000000000000083e-30,2.403351786658941819e+03,2.979063331140354876e+03,1.274374835419639112e+03,3.529026506720729230e+02,4.636993272660283338e+01,1.260221049520873393e+01,2.880040573504134560e+00
1.000000000000000083e-30,1.000000000000000083e-30,1.000000000000000083e-30,1.000000000000000083e-30,1.000000000000000083e-30,1.000000000000000083e-30,1.000000000000000083e-30,2.169189001592270571e+00,1.000000000000000083e-30,2.388158472789928965e+03,2.960290820993588113e+03,1.266614413516567083e+03,3.513087614965084526e+02,4.702916831744171589e+01,1.274806190968718944e+01,2.941994353150474417e+00
1.000000000000000083e-30,1.000000000000000083e-30,1.000000000000000083e-30,1.000000000000000083e-30,1.000000000000000083e-30,1.000000000000000083e-30,1.000000000000000083e-30,2.155345398944828350e+00,1.000000000000000083e-30,2.373071172963616846e+03,2.941648399493232773e+03,1.258904348056030585e+03,3.497179783038750998e+02,4.767195350854714775e+01,1.289036998175260074e+01,3.003399281839151946e+00
1.000000000000000083e-30,1.000000000000000083e-30,1.000000000000000083e-30,1.000000000000000083e-30,1.000000000000000083e-30,1.000000000000000083e-30,1.000000000000000083e-30,2.141600650895816749e+00,1.000000000000000083e-30,2.358089015977202962e+03,2.923135011333265538e+03,1.251244273878958666e+03,3.481303760323557981e+02,4.829856987354838793e+01,1.302918972549357512e+01,3.064245618301471463e+00
