# particle radii (um) per size_bin (including water contribution to size), with size bins represented by columns and their number (starting from 1) given in second line of header, per time step which is represented by rows and corresponding times given in the time output file 
# 1, 2, 3, 4, 5, 6, 7, 8, 9, 10, 11, 12, 13, 14, 15, 16
2.500000000000000052e-03,7.499999999999999722e-03,1.250000000000000069e-02,1.749999999999999820e-02,2.249999999999999917e-02,2.750000000000000014e-02,3.250000000000000111e-02,3.750000000000000555e-02,4.250000000000000305e-02,4.750000000000000056e-02,5.250000000000000500e-02,5.750000000000000250e-02,6.250000000000000000e-02,6.750000000000000444e-02,7.250000000000000888e-02,7.749999999999999944e-02
2.500000000000000052e-03,7.499999999999999722e-03,1.250000000000000069e-02,1.749999999999999820e-02,2.249999999999999917e-02,2.750000000000000014e-02,3.250000000000000111e-02,3.750000000000000555e-02,4.250000000000000305e-02,4.750000000000000056e-02,5.250000000000000500e-02,5.750000000000000250e-02,6.250000000000000000e-02,6.750000000000000444e-02,7.250000000000000888e-02,7.749999999999999944e-02
2.500000000000000052e-03,7.499999999999999722e-03,1.250000000000000069e-02,1.749999999999999820e-02,2.249999999999999917e-02,2.750000000000000014e-02,3.250000000000000111e-02,3.750000000000000555e-02,4.250000000000000305e-02,4.750000000000000056e-02,5.250000000000000500e-02,5.750000000000000250e-02,6.250000000000000000e-02,6.750000000000000444e-02,7.250000000000000888e-02,7.749999999999999944e-02
2.500000000000000052e-03,7.499999999999999722e-03,1.250000000000000069e-02,1.749999999999999820e-02,2.249999999999999917e-02,2.750000000000000014e-02,3.250000000000000111e-02,3.750000000000000555e-02,4.250000000000000305e-02,4.750000000000000056e-02,5.250000000000000500e-02,5.750000000000000250e-02,6.250000000000000000e-02,6.750000000000000444e-02,7.250000000000000888e-02,7.749999999999999944e-02
2.500000000000000052e-03,7.499999999999999722e-03,1.250000000000000069e-02,1.749999999999999820e-02,2.249999999999999917e-02,2.750000000000000014e-02,3.250000000000000111e-02,3.750000000000000555e-02,4.250000000000000305e-02,4.750000000000000056e-02,5.250000000000000500e-02,5.750000000000000250e-02,6.250000000000000000e-02,6.750000000000000444e-02,7.250000000000000888e-02,7.749999999999999944e-02
2.500000000000000052e-03,7.499999999999999722e-03,1.250000000000000069e-02,1.749999999999999820e-02,2.249999999999999917e-02,2.750000000000000014e-02,3.250000000000000111e-02,3.750000000000000555e-02,4.250000000000000305e-02,4.750000000000000056e-02,5.250000000000000500e-02,5.750000000000000250e-02,6.250000000000000000e-02,6.750000000000000444e-02,7.250000000000000888e-02,7.749999999999999944e-02
5.270095473654399154e-04,7.499999999999999722e-03,1.250000000000000069e-02,1.749999999999999820e-02,2.249999999999999917e-02,2.750000000000000014e-02,3.250000000000000111e-02,3.750000000000000555e-02,4.250000000000000305e-02,4.750000000000000056e-02,5.250000000000000500e-02,5.750000000000000250e-02,6.250000000000000000e-02,6.750000000000000444e-02,7.250000000000000888e-02,7.749999999999999944e-02
8.429846298866720822e-04,7.499999999999999722e-03,1.250000000000000069e-02,1.749999999999999820e-02,2.249999999999999917e-02,2.750000000000000014e-02,3.250000000000000111e-02,3.750000000000000555e-02,4.250000000000000305e-02,4.750000000000000056e-02,5.250000000000000500e-02,5.750000000000000250e-02,6.250000000000000000e-02,6.750000000000000444e-02,7.250000000000000888e-02,7.749999999999999944e-02
1.333291933111917715e-03,7.499999999999999722e-03,1.250000000000000069e-02,1.749999999999999820e-02,2.249999999999999917e-02,2.750000000000000014e-02,3.250000000000000111e-02,3.750000000000000555e-02,4.250000000000000305e-02,4.750000000000000056e-02,5.250000000000000500e-02,5.750000000000000250e-02,6.250000000000000000e-02,6.750000000000000444e-02,7.250000000000000888e-02,7.749999999999999944e-02
2.075768975117654996e-03,7.499999999999999722e-03,1.250000000000000069e-02,1.749999999999999820e-02,2.249999999999999917e-02,2.750000000000000014e-02,3.250000000000000111e-02,3.750000000000000555e-02,4.250000000000000305e-02,4.750000000000000056e-02,5.250000000000000500e-02,5.750000000000000250e-02,6.250000000000000000e-02,6.750000000000000444e-02,7.250000000000000888e-02,7.749999999999999944e-02
3.095793929718270582e-03,5.055329256102802926e-03,1.250000000000000069e-02,1.749999999999999820e-02,2.249999999999999917e-02,2.750000000000000014e-02,3.250000000000000111e-02,3.750000000000000555e-02,4.250000000000000305e-02,4.750000000000000056e-02,5.250000000000000500e-02,5.750000000000000250e-02,6.250000000000000000e-02,6.750000000000000444e-02,7.250000000000000888e-02,7.749999999999999944e-02
5.270095473654399154e-04,5.259986005707780951e-03,1.250000000000000069e-02,1.749999999999999820e-02,2.249999999999999917e-02,2.750000000000000014e-02,3.250000000000000111e-02,3.750000000000000555e-02,4.250000000000000305e-02,4.750000000000000056e-02,5.250000000000000500e-02,5.750000000000000250e-02,6.250000000000000000e-02,6.750000000000000444e-02,7.250000000000000888e-02,7.749999999999999944e-02
1.246143572793148319e-03,7.626347465470329282e-03,1.250000000000000069e-02,1.749999999999999820e-02,2.249999999999999917e-02,2.750000000000000014e-02,3.250000000000000111e-02,3.750000000000000555e-02,4.250000000000000305e-02,4.750000000000000056e-02,5.250000000000000500e-02,5.750000000000000250e-02,6.250000000000000000e-02,6.750000000000000444e-02,7.250000000000000888e-02,7.749999999999999944e-02
2.431048598157612307e-03,7.499999999999999722e-03,1.011950465288977488e-02,1.749999999999999820e-02,2.249999999999999917e-02,2.750000000000000014e-02,3.250000000000000111e-02,3.750000000000000555e-02,4.250000000000000305e-02,4.750000000000000056e-02,5.250000000000000500e-02,5.750000000000000250e-02,6.250000000000000000e-02,6.750000000000000444e-02,7.250000000000000888e-02,7.749999999999999944e-02
3.963477454745549348e-03,5.482782470569585315e-03,1.262494158785556521e-02,1.590582873734972674e-02,2.249999999999999917e-02,2.750000000000000014e-02,3.250000000000000111e-02,3.750000000000000555e-02,4.250000000000000305e-02,4.750000000000000056e-02,5.250000000000000500e-02,5.750000000000000250e-02,6.250000000000000000e-02,6.750000000000000444e-02,7.250000000000000888e-02,7.749999999999999944e-02
5.270095473654399154e-04,6.002513577377184377e-03,1.498184821137126324e-02,1.585204280988051009e-02,2.113165491484724975e-02,2.750000000000000014e-02,3.250000000000000111e-02,3.750000000000000555e-02,4.250000000000000305e-02,4.750000000000000056e-02,5.250000000000000500e-02,5.750000000000000250e-02,6.250000000000000000e-02,6.750000000000000444e-02,7.250000000000000888e-02,7.749999999999999944e-02
1.213596591809256928e-03,7.999137569698538258e-03,1.007825639641948823e-02,1.710621758186072622e-02,2.156190142401648649e-02,2.590178615348407917e-02,3.250000000000000111e-02,3.750000000000000555e-02,4.250000000000000305e-02,4.750000000000000056e-02,5.250000000000000500e-02,5.750000000000000250e-02,6.250000000000000000e-02,6.750000000000000444e-02,7.250000000000000888e-02,7.749999999999999944e-02
2.240968123533575163e-03,9.882817992278337960e-03,1.228479998389481707e-02,1.895392718429538340e-02,2.359816679609831602e-02,2.710305822542562540e-02,3.027950022727373194e-02,3.750000000000000555e-02,4.250000000000000305e-02,4.750000000000000056e-02,5.250000000000000500e-02,5.750000000000000250e-02,6.250000000000000000e-02,6.750000000000000444e-02,7.250000000000000888e-02,7.749999999999999944e-02
3.431566877714036477e-03,7.499999999999999722e-03,1.159169025616428074e-02,1.749999999999999820e-02,2.053470244022978161e-02,2.535890182536520987e-02,3.164637844528186972e-02,3.623054768959817901e-02,4.250000000000000305e-02,4.750000000000000056e-02,5.250000000000000500e-02,5.750000000000000250e-02,6.250000000000000000e-02,6.750000000000000444e-02,7.250000000000000888e-02,7.749999999999999944e-02
4.612846412120048464e-03,6.051904291481225752e-03,1.306896708802503422e-02,1.646530233631299939e-02,2.187856785600562556e-02,2.686202618754923374e-02,3.085439522271915189e-02,3.578328170728042879e-02,4.134782593999784817e-02,4.750000000000000056e-02,5.250000000000000500e-02,5.750000000000000250e-02,6.250000000000000000e-02,6.750000000000000444e-02,7.250000000000000888e-02,7.749999999999999944e-02
5.270095473654399154e-04,5.872896660415677719e-03,1.434535574053237214e-02,1.793304812464184203e-02,2.302787739898825431e-02,2.815405527574837974e-02,3.219453895233535118e-02,3.559294917375099149e-02,4.112927088429903233e-02,4.634660307491315911e-02,5.250000000000000500e-02,5.750000000000000250e-02,6.250000000000000000e-02,6.750000000000000444e-02,7.250000000000000888e-02,7.749999999999999944e-02
1.002728386539167033e-03,7.014448340042863175e-03,1.250000000000000069e-02,1.547459074609792984e-02,2.402139127792869353e-02,2.734164216819845103e-02,3.030385329638834654e-02,3.687423203624182189e-02,4.174893276999321057e-02,4.597907251313568255e-02,5.250000000000000500e-02,5.750000000000000250e-02,6.250000000000000000e-02,6.750000000000000444e-02,7.250000000000000888e-02,7.749999999999999944e-02
1.645372683322903450e-03,8.051582702988556092e-03,1.014434171584316195e-02,1.645925909145662738e-02,2.488864343167469448e-02,2.698088668121000067e-02,3.129396491041988582e-02,3.629415317288930271e-02,4.101766035326341597e-02,4.748765283578731955e-02,5.250000000000000500e-02,5.750000000000000250e-02,6.250000000000000000e-02,6.750000000000000444e-02,7.250000000000000888e-02,7.749999999999999944e-02
2.384279332219064757e-03,9.004908937390579057e-03,1.127406921155880981e-02,1.734529184930252294e-02,2.185202331475624704e-02,2.570030513513122880e-02,3.216796264708660091e-02,3.692544589362077578e-02,4.091024491778508243e-02,4.705952565933652076e-02,5.258693854277396440e-02,5.750000000000000250e-02,6.250000000000000000e-02,6.750000000000000444e-02,7.250000000000000888e-02,7.749999999999999944e-02
3.159131876948623446e-03,9.887063497857532732e-03,1.187217155236565402e-02,1.815393431847296679e-02,2.278846500900260155e-02,2.642577470730240671e-02,3.296522916013667343e-02,3.767606428739194574e-02,4.152213061442426578e-02,4.747372358446090568e-02,5.237972081746562064e-02,5.750000000000000250e-02,6.250000000000000000e-02,6.750000000000000444e-02,7.250000000000000888e-02,7.749999999999999944e-02
3.932770821962030920e-03,5.076611115368459548e-03,1.071751943931924592e-02,1.890013926485492948e-02,2.363706767445472937e-02,2.709594820364932821e-02,3.370502609392305587e-02,3.675234678229769014e-02,4.226757115770863465e-02,4.552306391667838154e-02,5.077766315778000500e-02,5.750000000000000250e-02,6.250000000000000000e-02,6.750000000000000444e-02,7.250000000000000888e-02,7.749999999999999944e-02
4.687772658361065090e-03,5.971565279611678288e-03,1.149055858893257946e-02,1.959277592489495901e-02,2.347278240254538698e-02,2.771492658189619873e-02,3.248863111110957685e-02,3.713595008316983997e-02,4.242406663690714841e-02,4.557366463414923990e-02,5.075101448422238842e-02,5.750000000000000250e-02,6.250000000000000000e-02,6.750000000000000444e-02,7.250000000000000888e-02,7.749999999999999944e-02
5.270095473654399154e-04,5.482269112811223588e-03,1.221339130528416653e-02,1.538768809446020361e-02,2.026529913350672354e-02,2.828856857893080612e-02,3.252272616712878484e-02,3.574711246567073564e-02,4.242519645353082930e-02,4.659151688974907252e-02,5.104680140765876367e-02,5.621999741354204855e-02,6.250000000000000000e-02,6.750000000000000444e-02,7.250000000000000888e-02,7.749999999999999944e-02
8.791882444771158918e-04,6.237072120552837433e-03,1.289602012766132011e-02,1.620185264820403828e-02,2.087814416897778441e-02,2.882963055125100510e-02,3.283304488087118028e-02,3.634281451991525774e-02,4.201282824349091005e-02,4.674929827714773001e-02,5.041670507197529294e-02,5.687047317692472959e-02,6.250000000000000000e-02,6.750000000000000444e-02,7.250000000000000888e-02,7.749999999999999944e-02
1.342115163690248050e-03,6.955080129515669660e-03,1.354321535859553602e-02,1.695685377363848750e-02,2.145817195723312421e-02,2.934079143839413845e-02,3.278544507161365584e-02,3.690589591719527912e-02,4.238465600769367875e-02,4.687464801082213972e-02,5.056052952485160651e-02,5.672127136737580705e-02,6.250000000000000000e-02,6.750000000000000444e-02,7.250000000000000888e-02,7.749999999999999944e-02
1.881458006317250674e-03,7.639669490811626558e-03,1.415873914110260881e-02,1.766689515105014652e-02,2.200916398635624494e-02,2.982674005714978580e-02,3.302505005210407824e-02,3.743317934969261213e-02,4.285863164503268125e-02,4.727328343144304029e-02,5.091994848195395551e-02,5.697631925282875542e-02,6.250000000000000000e-02,6.750000000000000444e-02,7.250000000000000888e-02,7.749999999999999944e-02
2.464569409960444719e-03,8.293241533545971100e-03,1.474543814077489308e-02,1.806317811370290391e-02,2.253435217972169294e-02,2.837945659932722409e-02,3.034625601256174185e-02,3.795910351022117185e-02,4.174892136731816333e-02,4.616101607849894262e-02,5.146179875220832645e-02,5.748257718235318114e-02,6.012700288529702203e-02,6.750000000000000444e-02,7.250000000000000888e-02,7.749999999999999944e-02
3.066948400985086611e-03,8.919029830438659004e-03,1.123726601428789995e-02,1.532549067801238819e-02,2.303371966599422616e-02,2.741705091565504668e-02,3.080163612710779680e-02,3.845943332125822955e-02,4.196107036746513086e-02,4.680141087920999809e-02,5.078584493547330658e-02,5.608152658536913471e-02,6.250000000000000000e-02,6.750000000000000444e-02,7.250000000000000888e-02,7.749999999999999944e-02
3.672565499906058420e-03,9.519091800713504539e-03,1.196103026182962666e-02,1.586940238510491444e-02,2.351198577874641718e-02,2.769958108680723938e-02,3.123220868362701005e-02,3.721181229310316363e-02,4.232403081343368012e-02,4.738744679304409541e-02,5.130016171384071955e-02,5.685568301243273254e-02,6.212733513602408664e-02,6.750000000000000444e-02,7.250000000000000888e-02,7.749999999999999944e-02
4.272022369774581066e-03,5.448046354452461965e-03,1.009721169352974582e-02,1.638639449422260932e-02,2.397012707300627196e-02,2.782624731532165260e-02,3.164280932709107735e-02,3.717914597541711191e-02,4.217666326493282880e-02,4.640764115132588186e-02,5.143193698776022532e-02,5.542383209312609638e-02,6.010089655329387687e-02,6.750000000000000444e-02,7.250000000000000888e-02,7.749999999999999944e-02
4.860342752663492430e-03,6.139612622148631245e-03,1.065255258088296589e-02,1.688377091048521086e-02,2.441063319135095000e-02,2.789530585639571347e-02,3.203864921865738624e-02,3.728046395623135084e-02,4.061426865635351519e-02,4.590552851911771509e-02,5.099218703932813929e-02,5.567043925635327406e-02,6.004814439159180534e-02,6.750000000000000444e-02,7.250000000000000888e-02,7.749999999999999944e-02
5.270095473654399154e-04,5.468713466791860420e-03,1.118764660375502241e-02,1.736315399151173999e-02,2.483521209775699581e-02,2.809824748894035676e-02,3.242086471860389923e-02,3.749500941146988869e-02,4.099578836893879447e-02,4.653156975206081819e-02,5.135113153694447624e-02,5.538570328931385900e-02,6.174155216025912357e-02,6.750000000000000444e-02,7.250000000000000888e-02,7.749999999999999944e-02
8.158376803956993379e-04,6.055272151393142378e-03,1.170393565082811400e-02,1.782591616091423400e-02,2.245856618281194192e-02,2.528155586666601048e-02,3.279059136750779591e-02,3.776575920653723467e-02,4.139043735851493516e-02,4.706695375041766716e-02,5.059654737395679475e-02,5.578978186729591227e-02,6.225739679786423952e-02,6.513507183689305757e-02,7.250000000000000888e-02,7.749999999999999944e-02
1.186381113730091991e-03,6.620907657377161047e-03,1.220168199953632245e-02,1.827318035848467248e-02,2.300304694364434938e-02,2.568229065930404190e-02,3.314871264951389090e-02,3.806494654165943486e-02,4.176415532228543864e-02,4.565128853119584940e-02,5.102616309680151757e-02,5.561593027376562914e-02,6.208912082856390957e-02,6.750000000000000444e-02,7.250000000000000888e-02,7.749999999999999944e-02
1.617250785370800926e-03,7.166927793400200593e-03,1.268322725651665345e-02,1.870559003855567365e-02,2.306525309525876699e-02,2.607056375752161634e-02,3.349391426953993861e-02,3.812616187357122099e-02,4.213370504288771468e-02,4.582342572275124870e-02,5.125217859795328651e-02,5.573937530489322945e-02,6.158546807201666778e-02,6.750000000000000444e-02,7.250000000000000888e-02,7.749999999999999944e-02
2.087542541363185140e-03,7.694648466345568177e-03,1.314943929209726019e-02,1.912456565100157171e-02,2.337615145872089586e-02,2.644711854844621762e-02,3.382895950213685859e-02,3.828899984726646250e-02,4.249249020273845184e-02,4.608387582309827341e-02,5.151842848653005735e-02,5.607122120727683900e-02,6.177255361500821884e-02,6.504931036194429306e-02,7.250000000000000888e-02,7.749999999999999944e-02
2.650365947980818423e-03,8.205265086086805867e-03,1.360150709021493501e-02,1.953106220882573976e-02,2.370883141779326492e-02,2.681280253765896265e-02,3.415464270271145047e-02,3.850427075558808532e-02,4.281156486822709772e-02,4.637128387184352024e-02,5.181775775877137113e-02,5.640514227419335391e-02,6.027151186354289675e-02,6.537452775567968721e-02,7.250000000000000888e-02,7.749999999999999944e-02
3.067088807637951241e-03,8.699915017594121378e-03,1.404026733733937903e-02,1.992584492180980368e-02,2.393890602763935546e-02,2.716423008262956393e-02,3.446030074681550454e-02,3.868591087698935310e-02,4.312637344842073367e-02,4.666994978309305792e-02,5.213063152887822960e-02,5.674296570302977960e-02,6.064793735914354722e-02,6.573914406291103685e-02,7.250000000000000888e-02,7.749999999999999944e-02
3.620337002216262277e-03,9.179521224529073667e-03,1.446655614143592394e-02,1.777450674794715108e-02,2.032848842738120207e-02,2.750604511410408362e-02,3.475846488078868785e-02,3.890206003409461127e-02,4.343343636157227100e-02,4.696638678434857800e-02,5.244496602951345676e-02,5.708378332789541820e-02,6.103033492505643975e-02,6.612096497282932139e-02,7.250000000000000888e-02,7.749999999999999944e-02
4.161210097794267732e-03,9.644961259418390054e-03,1.488109803010033601e-02,1.828427347497346006e-02,2.070279172886945601e-02,2.783886960468705957e-02,3.122606161278759090e-02,3.516465501009605199e-02,4.253827878950156710e-02,4.715274138477616728e-02,5.055415370382157492e-02,5.556529334703198819e-02,6.142132206122376953e-02,6.650244955452522255e-02,7.230133268682495395e-02,7.749999999999999944e-02
4.687523245677800016e-03,5.905909209100996052e-03,1.009710926345516215e-02,1.528723439086869876e-02,2.106740410396714877e-02,2.816321231790983037e-02,3.164296436630673753e-02,3.546046652981221792e-02,4.237884352063454874e-02,4.741833466181341605e-02,5.095934745524399040e-02,5.599236478209074913e-02,6.037121326140371808e-02,6.558534659833026303e-02,7.046311605954831692e-02,7.749999999999999944e-02
5.270095473654399154e-04,5.198663711836139581e-03,1.053666621746587873e-02,1.568159784496865258e-02,2.142282364135516398e-02,2.847955813988450186e-02,3.202381425224625627e-02,3.574961428401692703e-02,4.234985638737059216e-02,4.578254377326720220e-02,5.127896098107798811e-02,5.635179085004515809e-02,6.033772100983657988e-02,6.593927822833091368e-02,7.087693327023779355e-02,7.749999999999999944e-02
9.064488233434563665e-04,5.694774761515835303e-03,1.096435097215782764e-02,1.606478383294557277e-02,2.176951479833874256e-02,2.878787058435089766e-02,3.225177843747142892e-02,3.603228271281162104e-02,4.242960307885539767e-02,4.587076938226623130e-02,5.163160919674496946e-02,5.656140763992037468e-02,6.087358021818447401e-02,6.544463651445803221e-02,7.126675417150174496e-02,7.749999999999999944e-02
1.348707774461852926e-03,6.176402750505574461e-03,1.138084822009935437e-02,1.643858273383104474e-02,2.210798920160314887e-02,2.908900936796994172e-02,3.253281657244970482e-02,3.630881241575635576e-02,4.257154394009975834e-02,4.607107106406078262e-02,5.087420416656692618e-02,5.676581613697668366e-02,6.073576865231712640e-02,6.526560737926276334e-02,7.164289490969481811e-02,7.749999999999999944e-02
1.825825586130355076e-03,6.644209491037574196e-03,1.178683053609926555e-02,1.680350465061483667e-02,2.243789631372534663e-02,2.938274898317267542e-02,3.281463122949120764e-02,3.657952337569067569e-02,4.275009296798794323e-02,4.631266999125403100e-02,5.093447435614466973e-02,5.687217828901977579e-02,6.120117303035657597e-02,6.533010584550334732e-02,7.142836516140255165e-02,7.749999999999999944e-02
2.318448518939120271e-03,7.098945176584064813e-03,1.218251908653052162e-02,1.715991851541769780e-02,2.276032145008398747e-02,2.967003383278730283e-02,3.310787409109957474e-02,3.684466818329555637e-02,4.295065304320760946e-02,4.655525555976124802e-02,5.104296883167365462e-02,5.701986647784462736e-02,6.156215505633611668e-02,6.574140403987975556e-02,7.169497472108903036e-02,7.749999999999999944e-02
2.814260010824663066e-03,7.541293165431610379e-03,1.256873270583862105e-02,1.750830216468712147e-02,2.307568187035765467e-02,2.995121129684795783e-02,3.340383266343720930e-02,3.710445994439967587e-02,4.315835518141082627e-02,4.680670349295596583e-02,5.123722513283907737e-02,5.720127474856533806e-02,6.188556073936134910e-02,6.610486321166546275e-02,7.197261206887675677e-02,7.513634859443842073e-02
3.305805513797497805e-03,7.971960717711413028e-03,1.294591009791732326e-02,1.784901848428954024e-02,2.338429651063831868e-02,2.844480882463617036e-02,3.026499054131234767e-02,3.735662606238782796e-02,4.319402191711575745e-02,4.706086319054661460e-02,5.145954680577104895e-02,5.741865060802384818e-02,6.087329798794097191e-02,6.640681278217903938e-02,7.011535091789401763e-02,7.545885418364224606e-02
3.788876546027304150e-03,8.391627968424963946e-03,1.331449004925966059e-02,1.818234385258243879e-02,2.368639876937745845e-02,2.876033325121088099e-02,3.053998361614080129e-02,3.760388243512469142e-02,4.329196731128347186e-02,4.731196573345537032e-02,5.167713523753239557e-02,5.672771546122127445e-02,6.093055982737415055e-02,6.555532289395768486e-02,7.180909892038225828e-02,7.708393781295276581e-02
4.261329178551238363e-03,8.800748662547474080e-03,1.367484292447737268e-02,1.850865202328155421e-02,2.398232662721229771e-02,2.877903635211486247e-02,3.080557344314474588e-02,3.784024900254109869e-02,4.342648973756991354e-02,4.756005712372399219e-02,5.189529116392276736e-02,5.666620832814499298e-02,6.115096421180857972e-02,6.570250856336033729e-02,7.176702060075891565e-02,7.711395282443268828e-02
4.722269157609996527e-03,9.199912577602914476e-03,1.402739763862534059e-02,1.882828133160227915e-02,2.427237447872521853e-02,2.886196399009656466e-02,3.106600023415874781e-02,3.807271942532265002e-02,4.358432028279501935e-02,4.780456481388103973e-02,5.211207186686955817e-02,5.643700181349421696e-02,6.097281459343034671e-02,6.596084777176572378e-02,7.191640290474927977e-02,7.736147506768842330e-02
2.666058460588303838e-03,9.406316039594164388e-03,1.437251833186158935e-02,1.914152603675263464e-02,2.455679882469578856e-02,2.899523253436144324e-02,3.132154302184646244e-02,3.830131570847670336e-02,4.375792879937839136e-02,4.803795770212706401e-02,5.222889527812745597e-02,5.563525132120068772e-02,6.116219529234469265e-02,6.608742454689489620e-02,7.168880945868166821e-02,7.717959225822730585e-02
2.666058460588303838e-03,9.783834441791979669e-03,1.471051880142662700e-02,1.944864473052264342e-02,2.483582646479858685e-02,2.916437088469954822e-02,3.157239948131913831e-02,3.852576476142376138e-02,4.390368930069527692e-02,4.826881958737536116e-02,5.237514747033516355e-02,5.576546867944473518e-02,6.133738491537443771e-02,6.610614110895070283e-02,7.017600309022443972e-02,7.738896456797580981e-02
2.666058460588303838e-03,7.499999999999999722e-03,1.015703545923592535e-02,1.940268315766494403e-02,2.440244198492720618e-02,2.512260345014091095e-02,3.181875655660503649e-02,3.874431043168723859e-02,4.384813480049089968e-02,4.849481788366132029e-02,5.253838155272799043e-02,5.596187922557579325e-02,6.154063252939186851e-02,6.636594626864793234e-02,7.047228555565589192e-02,7.609812423420075911e-02
2.666058460588303838e-03,7.499999999999999722e-03,1.052265259570793476e-02,1.969726403146226240e-02,2.477841752603315850e-02,2.539244638067902904e-02,3.206079840141952408e-02,3.895907790749529587e-02,4.382028422587238431e-02,4.782897191845918161e-02,5.269454238889672432e-02,5.616125905263163326e-02,6.174044760951207661e-02,6.659585895826203306e-02,7.072376015030784613e-02,7.633265648562641281e-02
2.666058460588303838e-03,7.499999999999999722e-03,1.088053639866271884e-02,1.998787174024898097e-02,2.100948739383093344e-02,2.565749753287610915e-02,3.229868802176957820e-02,3.917038787624082391e-02,4.383074071970370633e-02,4.761393760973141320e-02,5.279374882037683736e-02,5.621442248659168361e-02,6.174645758958184627e-02,6.671236668721863827e-02,7.073274751978324282e-02,7.657990746494630629e-02
2.666058460588303838e-03,7.499999999999999722e-03,1.123083319747436234e-02,1.749999999999999820e-02,2.027347641217868909e-02,2.591798517945969813e-02,3.253256992552448074e-02,3.937836420719895147e-02,4.387364807102927394e-02,4.757125365679865797e-02,5.287287621686088956e-02,5.625334749262821815e-02,6.169850714043396273e-02,6.677222503232999040e-02,7.071165299195793230e-02,7.672019738522033172e-02
2.666058460588303838e-03,7.499999999999999722e-03,1.157401712240915641e-02,1.749999999999999820e-02,2.055421820007420630e-02,2.617405722796719431e-02,3.276195446514793691e-02,3.958042928066073107e-02,4.394162892877584436e-02,4.761530282572506295e-02,5.295076468553813753e-02,5.629910799845905256e-02,6.166637001551112524e-02,6.681646232257699991e-02,7.069502566072870253e-02,7.680791973632371261e-02
2.666058460588303838e-03,7.499999999999999722e-03,1.191031353995813079e-02,1.500605473984117054e-02,2.083023715510737284e-02,2.642489614778855897e-02,3.298722609943646744e-02,3.977954775649385211e-02,4.402883687760452552e-02,4.766063198734349360e-02,5.176965476507728453e-02,5.638434525689366150e-02,6.136398027277587680e-02,6.687737652867138671e-02,7.069212319811228606e-02,7.685707283299499093e-02
2.666058460588303838e-03,7.499999999999999722e-03,1.224008895169594047e-02,1.541986734246909505e-02,2.110169436808754032e-02,2.667160606480381210e-02,3.320894371170979298e-02,3.997580400916359716e-02,4.413134372806075401e-02,4.774035145794251755e-02,5.158005688599978655e-02,5.648527289344541791e-02,6.128482059839538559e-02,6.677911237028166802e-02,7.056258718177586819e-02,7.636849928181187186e-02
2.666058460588303838e-03,7.499999999999999722e-03,1.256354304276374734e-02,1.580657855358369446e-02,2.136872282248531568e-02,2.691433890009228835e-02,3.342721662510601821e-02,3.790436955780177031e-02,4.036574920962517771e-02,4.784859187308639766e-02,5.159946548814089984e-02,5.660738718546593634e-02,6.132315221971190722e-02,6.669450360601138217e-02,7.159484047462580381e-02,7.618553851690615386e-02
2.666058460588303838e-03,7.499999999999999722e-03,1.288087765581907157e-02,1.617785738022663872e-02,2.163143315533530217e-02,2.715320731890843303e-02,3.364214047102863370e-02,3.821199731343057071e-02,4.056781072318338399e-02,4.797380837558883754e-02,5.169865753239572675e-02,5.673882677594920682e-02,6.140353900082345939e-02,6.666363998495479504e-02,7.063057380650800132e-02,7.611342855879699165e-02
2.666058460588303838e-03,7.499999999999999722e-03,1.319246283472237484e-02,1.653771212867225296e-02,2.188999131279243532e-02,2.738836466835543881e-02,3.385384645610325233e-02,3.847764986763153872e-02,4.076734066757384256e-02,4.811184557272478457e-02,5.183574965139330082e-02,5.688163816218719249e-02,6.151495828784989822e-02,6.668946373517183057e-02,7.075036840734083565e-02,7.612385936739354819e-02
2.666058460588303838e-03,7.499999999999999722e-03,1.349844796115830595e-02,1.688816411582743857e-02,2.214452316074226254e-02,2.761993190498498660e-02,3.406243749392964121e-02,3.872926025881492929e-02,4.096413626445138956e-02,4.825878184593210968e-02,5.198914374791271942e-02,5.703421933976102198e-02,6.164760986735524917e-02,6.676028710810799627e-02,7.090136586099243798e-02,7.619857360032974980e-02
2.666058460588303838e-03,7.499999999999999722e-03,1.379909734406136942e-02,1.723055675759429389e-02,2.239516874972694027e-02,2.784803811539454318e-02,3.426783141419641882e-02,3.881003793735437329e-02,4.115533650524461767e-02,4.826580401337247223e-02,5.215493945504030143e-02,5.719369962186138245e-02,6.179495619704336584e-02,6.658348060735036489e-02,7.108276239916230810e-02,7.531071355043707227e-02
2.666058460588303838e-03,7.499999999999999722e-03,1.409456550887216476e-02,1.756563024498999578e-02,2.264203845214043595e-02,2.807278643963552825e-02,3.447026595877626665e-02,3.894946586746241002e-02,4.134388121615999168e-02,4.831502972801663548e-02,5.232039785920844510e-02,5.734828933812166629e-02,6.193796887284807456e-02,6.659732587420952310e-02,7.117255309309632183e-02,7.548896663655742245e-02
2.666058460588303838e-03,7.499999999999999722e-03,1.438509328402170183e-02,1.789408252874296473e-02,2.288526096639549937e-02,2.829429330022121061e-02,3.466986414589123822e-02,3.901158164550738716e-02,4.152740801477703553e-02,4.839120845547171396e-02,5.248929217167790789e-02,5.742835709670986860e-02,6.119492405166771648e-02,6.664318784737542634e-02,7.132877818347070631e-02,7.568015269140632162e-02
2.666058460588303838e-03,7.499999999999999722e-03,1.467081525419400810e-02,1.821633839322130827e-02,2.312493586631629572e-02,2.851265008665217551e-02,3.486670507846412886e-02,3.908257734761674818e-02,4.170886147629584983e-02,4.848669487593259414e-02,5.266013318832001022e-02,5.752321422581341964e-02,6.112252926854166296e-02,6.688136726168096569e-02,7.117873095886385892e-02,7.539720467141983185e-02
2.666058460588303838e-03,7.499999999999999722e-03,1.495192764260101087e-02,1.853286526798506723e-02,2.336117590635529775e-02,2.872795767627605093e-02,3.314166605344683048e-02,3.509396354487053643e-02,4.188824484570646822e-02,4.859857295119890397e-02,5.283658433155669770e-02,5.763304018705947551e-02,6.118552269015240658e-02,6.708733500432044472e-02,7.095692260304470311e-02,7.540474048496237369e-02
2.666058460588303838e-03,7.499999999999999722e-03,1.250000000000000069e-02,1.522857051849092064e-02,2.359406188075300476e-02,2.894029005576053901e-02,3.343925444138492326e-02,3.528673244103793655e-02,4.206550683273886648e-02,4.872094903918578607e-02,5.301277310035348855e-02,5.775307962689399388e-02,6.128469508123335352e-02,6.680763223991618982e-02,7.097869301514536655e-02,7.548335099301034523e-02
2.666058460588303838e-03,7.499999999999999722e-03,1.250000000000000069e-02,1.550087516140942652e-02,2.382370485344892375e-02,2.914972081402104898e-02,3.355525839316461645e-02,3.547704853566183147e-02,4.224071140322301771e-02,4.885135828227556848e-02,5.318872997194469543e-02,5.788145283666969176e-02,6.141611434071615055e-02,6.672637957004427800e-02,7.074254225648295147e-02,7.562265387732758359e-02
2.666058460588303838e-03,7.499999999999999722e-03,1.250000000000000069e-02,1.576901428533031974e-02,2.405020389792629498e-02,2.935635853560551387e-02,3.373791732058130377e-02,3.566492666481992091e-02,4.241391715446955063e-02,4.898791055783117965e-02,5.336421349152743049e-02,5.801666883638270655e-02,6.156409783481894132e-02,6.674037347953423738e-02,7.080184185117258111e-02,7.569857674241015077e-02
2.666058460588303838e-03,7.499999999999999722e-03,1.250000000000000069e-02,1.603312785979777236e-02,2.427365276520066992e-02,2.956028919167812130e-02,3.394203662823949003e-02,3.585043536562534244e-02,4.258125252895374885e-02,4.894571013308395696e-02,5.353896412759219514e-02,5.814204712773160533e-02,6.172236073289605329e-02,6.680948791882032611e-02,7.091196497765249462e-02,7.584220724360996035e-02
2.666058460588303838e-03,7.499999999999999722e-03,1.250000000000000069e-02,1.629334056462986013e-02,2.449413341329140931e-02,2.976158480621576147e-02,3.415475031092390229e-02,3.603363755969294507e-02,4.274645062550848362e-02,4.895041909478632658e-02,5.371022118077047047e-02,5.826697253629931766e-02,6.186714299888543267e-02,6.616770247272153738e-02,7.102949458328140786e-02,7.604045969180286968e-02
2.666058460588303838e-03,7.499999999999999722e-03,1.250000000000000069e-02,1.654976993693436926e-02,2.471172751859539510e-02,2.996031819746530420e-02,3.437088640623790770e-02,3.621459584036146317e-02,4.290974854375818881e-02,4.895237351623341754e-02,5.317607511881093652e-02,5.838967173400695654e-02,6.200294814645012503e-02,6.592661484819890838e-02,7.121451235600090302e-02,7.618770938327341924e-02
2.666058460588303838e-03,7.499999999999999722e-03,1.250000000000000069e-02,1.680252991480100933e-02,2.492651392399995725e-02,2.724845775944250911e-02,3.016410993916701991e-02,3.639321993739561001e-02,4.307120589496334778e-02,4.897080256077096516e-02,5.292944872408079232e-02,5.800594834128967869e-02,6.208456168523413671e-02,6.606794384097081085e-02,7.131346037385914716e-02,7.626087465109589181e-02
2.666058460588303838e-03,7.499999999999999722e-03,1.250000000000000069e-02,1.705173399084117941e-02,2.148383859226871487e-02,2.513857320234925627e-02,3.035796571493688811e-02,3.656900605540840815e-02,4.322944805691766174e-02,4.900590302758530553e-02,5.281886228984949277e-02,5.781415757831111224e-02,6.214046455596047847e-02,6.610765062097664901e-02,7.132324257485900265e-02,7.623026665301436966e-02
2.666058460588303838e-03,7.499999999999999722e-03,1.250000000000000069e-02,1.729749069031093558e-02,2.180205348446704813e-02,2.534797230238043653e-02,3.054947940735498399e-02,3.674271318734569775e-02,4.338603179642677027e-02,4.905486157356737237e-02,5.278696366682260332e-02,5.771256866265248725e-02,6.218525223311833355e-02,6.613235469776494735e-02,7.129818417554975585e-02,7.620736356105349552e-02
2.666058460588303838e-03,7.499999999999999722e-03,1.250000000000000069e-02,1.753990161787186489e-02,2.209597876564574348e-02,2.555478445397139919e-02,3.073869631021885693e-02,3.691441187884308278e-02,4.354096679493354299e-02,4.911536511458754889e-02,5.280429116959824143e-02,5.766955155518177500e-02,6.223159278621707979e-02,6.616638263093212180e-02,7.152621772952427737e-02,7.618843083150932116e-02
2.666058460588303838e-03,7.499999999999999722e-03,1.250000000000000069e-02,1.777906375685289753e-02,2.237936511512677445e-02,2.575907723560146370e-02,3.092567552757224253e-02,3.708415387744326552e-02,4.369429216089427970e-02,4.918554009376596009e-02,5.281733053973483583e-02,5.702416655125701339e-02,6.228353707525089572e-02,6.618599336905184316e-02,7.171448843590427780e-02,7.633326271106385952e-02
2.666058460588303838e-03,7.499999999999999722e-03,1.250000000000000069e-02,1.801505941777201136e-02,2.265553110705719256e-02,2.596091132470537341e-02,3.111047024901943125e-02,3.725198467973825367e-02,4.384604323450177338e-02,4.926384998139706622e-02,5.285382725497334011e-02,5.682776992678980482e-02,6.233890951482454895e-02,6.641157395414894193e-02,7.163546107552157260e-02,7.606658110298641917e-02
2.666058460588303838e-03,7.499999999999999722e-03,1.250000000000000069e-02,1.824799765520861150e-02,2.292584824672791802e-02,2.616035820724576730e-02,3.129314426872062405e-02,3.741795961234952589e-02,4.399626325008407918e-02,4.934895124599320698e-02,5.290994830201930371e-02,5.677596762185221219e-02,6.243411908497172036e-02,6.657300573681697309e-02,7.166125173144979876e-02,7.601525140668773106e-02
2.666058460588303838e-03,7.499999999999999722e-03,1.250000000000000069e-02,1.847794794171454466e-02,2.319103955737983336e-02,2.635746966225715332e-02,3.147374198514171773e-02,3.758211621239438555e-02,4.414498200327082039e-02,4.943989320978570134e-02,5.298114871299849232e-02,5.679753232248053313e-02,6.253073965471021844e-02,6.673221160676437447e-02,7.172839631681231232e-02,7.603212401018202837e-02
2.666058460588303838e-03,7.499999999999999722e-03,1.250000000000000069e-02,1.870499533029014103e-02,2.345159282952123669e-02,2.655230582608537893e-02,3.165231667339339638e-02,3.774450047675957653e-02,4.429223598368439707e-02,4.953580159899397678e-02,5.306404447452742201e-02,5.685950684771439584e-02,6.258637022678832651e-02,6.688862270734061144e-02,7.182020991840605550e-02,7.608514318954905098e-02
2.666058460588303838e-03,7.499999999999999722e-03,1.250000000000000069e-02,1.892921761777757034e-02,2.370786220644127695e-02,2.674492214545857657e-02,3.182891696886793603e-02,3.790473271690147222e-02,4.443618938299283977e-02,4.963594123829249971e-02,5.315609880784134822e-02,5.694554553326735408e-02,6.265495585506371257e-02,6.704016901811835072e-02,7.192213425892297896e-02,7.604004850215806410e-02
2.666058460588303838e-03,7.499999999999999722e-03,1.250000000000000069e-02,1.915068800192209694e-02,2.396012384536313697e-02,2.693537180098016723e-02,3.200358963279352487e-02,3.806324260199106524e-02,4.457884307239969035e-02,4.973965831929629683e-02,5.325530982520945700e-02,5.704688856631787847e-02,6.270539106269658325e-02,6.649774157367123462e-02,7.202299847957192858e-02,7.608063512473955958e-02
2.666058460588303838e-03,7.499999999999999722e-03,1.250000000000000069e-02,1.936947964438723649e-02,2.420860690839638299e-02,2.712370457576324112e-02,3.217638020851390501e-02,3.822009103698507937e-02,4.472019048950554021e-02,4.984642312014745530e-02,5.336022684140422079e-02,5.715853507793634131e-02,6.276546006596799010e-02,6.635126972601636253e-02,7.205067772859806430e-02,7.622783005802806489e-02
2.666058460588303838e-03,7.499999999999999722e-03,1.250000000000000069e-02,1.958566031820760389e-02,2.445350302285712735e-02,2.730997225564429573e-02,3.234733238121102056e-02,3.837531471591015819e-02,4.486024689268776344e-02,4.995578069878005983e-02,5.346971227034276464e-02,5.727732461229415040e-02,6.283582527232647874e-02,6.632663178536579718e-02,7.205824990576011058e-02,7.634467882972265085e-02
2.666058460588303838e-03,7.499999999999999722e-03,1.250000000000000069e-02,1.979929731993506845e-02,2.469498030381065204e-02,2.749422347500269509e-02,3.251648876034732294e-02,3.852895228629728275e-02,4.182892766191854961e-02,4.500614685884361810e-02,5.091786252197377793e-02,5.738491906318416574e-02,6.247744052254035341e-02,6.640130059433096976e-02,7.207183058129977560e-02,7.625550783310004743e-02
2.666058460588303838e-03,7.499999999999999722e-03,1.250000000000000069e-02,1.749999999999999820e-02,2.001047822116671857e-02,2.767649961734022432e-02,3.268388343643645333e-02,3.868103335743892923e-02,4.207476460006255581e-02,4.515083421666816338e-02,5.107347209044169750e-02,5.746396473356287643e-02,6.234006303153818984e-02,6.647524510121463615e-02,7.209847617376832773e-02,7.624047015259088900e-02
2.666058460588303838e-03,7.499999999999999722e-03,1.250000000000000069e-02,1.749999999999999820e-02,2.021920763236391416e-02,2.785684968594542496e-02,3.284950860258641081e-02,3.883155032363544423e-02,4.227743725654039414e-02,4.529423638953944398e-02,5.122838589602875248e-02,5.755546330073749856e-02,6.229836308778313042e-02,6.655642834942483710e-02,7.214053450438104309e-02,7.625997076579654754e-02
2.666058460588303838e-03,7.499999999999999722e-03,1.250000000000000069e-02,1.749999999999999820e-02,2.042557513787946269e-02,2.803531561582970136e-02,3.301345020392420365e-02,3.898058444229459546e-02,4.246700784759941533e-02,4.543637365474106210e-02,5.138202657571919879e-02,5.765520836139433059e-02,6.231145385161650924e-02,6.664553344454743344e-02,7.219730873135746241e-02,7.630495795041698781e-02
2.666058460588303838e-03,7.499999999999999722e-03,1.250000000000000069e-02,1.749999999999999820e-02,2.062963709228059564e-02,2.821193930137092312e-02,3.317574719169198022e-02,3.912816685935746608e-02,4.265023512551165130e-02,4.557727064502686137e-02,5.153439320075640234e-02,5.776124432145995219e-02,6.235886020004273445e-02,6.674196623546413409e-02,7.226716385498306583e-02,7.636954973764051302e-02
2.666058460588303838e-03,7.499999999999999722e-03,1.250000000000000069e-02,1.749999999999999820e-02,2.083144860778855106e-02,2.838676142651413298e-02,3.333643538304443404e-02,3.927432859084310779e-02,4.282941993288079396e-02,4.571695144529245441e-02,5.168550381691199014e-02,5.787193291380295090e-02,6.241168968257312238e-02,6.672579402889482203e-02,7.234522304400148318e-02,7.644789224474282663e-02
2.666058460588303838e-03,7.499999999999999722e-03,1.250000000000000069e-02,1.749999999999999820e-02,2.103106203369494581e-02,2.855982097027053024e-02,3.349554902617987023e-02,3.941909935408200588e-02,4.300556819969718336e-02,4.585543909528377177e-02,5.183537656795384613e-02,5.798638957932329002e-02,6.248270110056913795e-02,6.676675852035390824e-02,7.241902150494584911e-02,7.652931751181633879e-02
2.666058460588303838e-03,7.499999999999999722e-03,1.250000000000000069e-02,1.749999999999999820e-02,2.122852887401079081e-02,2.873115607214076286e-02,3.365312167842670482e-02,3.956250830006660668e-02,4.317920311881618539e-02,4.599275627874121336e-02,5.198402996141381766e-02,5.810380403823985768e-02,6.256719553529681288e-02,6.683536252212599060e-02,7.249549912788202932e-02,7.661756746959921816e-02
2.666058460588303838e-03,7.499999999999999722e-03,1.250000000000000069e-02,1.749999999999999820e-02,2.142389711750963821e-02,2.890080283535039277e-02,3.380918495719287958e-02,3.970458286471442028e-02,4.335062725243343795e-02,4.612494789729227468e-02,5.210879690434914308e-02,5.822349250636271734e-02,6.266145123637988090e-02,6.690780913046806555e-02,7.184729834819887639e-02,7.671586722028490846e-02
2.666058460588303838e-03,7.499999999999999722e-03,1.250000000000000069e-02,1.749999999999999820e-02,2.161721490851001640e-02,2.906879738541454095e-02,3.396377071901970912e-02,3.984535075751821642e-02,4.352003857671729592e-02,4.625585949703116956e-02,5.223486297458598826e-02,5.833534112233459967e-02,6.276188331552913502e-02,6.699226757011687849e-02,7.166167634991695012e-02,7.678709891536920906e-02
2.666058460588303838e-03,7.499999999999999722e-03,1.250000000000000069e-02,1.749999999999999820e-02,2.180852896484635969e-02,2.923517458792868409e-02,3.411690963314746583e-02,3.998482197581487013e-02,4.360453438181313701e-02,4.638566057395004938e-02,5.236103994176406762e-02,5.844926733047051820e-02,6.286702714966017902e-02,6.707295060606043025e-02,7.135259685917369477e-02,7.684852044019885309e-02
2.666058460588303838e-03,7.499999999999999722e-03,1.250000000000000069e-02,1.749999999999999820e-02,2.199788304855287632e-02,2.939996741590482701e-02,3.426863062814911737e-02,3.704217439931355854e-02,4.013849642062602280e-02,4.651379923052827853e-02,5.248362027551388420e-02,5.856555964220599292e-02,6.297689631037112212e-02,6.715705600477439585e-02,7.127589767676277555e-02,7.688860108313565200e-02
2.666058460588303838e-03,7.499999999999999722e-03,1.250000000000000069e-02,1.749999999999999820e-02,2.218531434741073324e-02,2.956320399779988409e-02,3.441895828096033089e-02,3.728437951048441112e-02,4.027609369270067352e-02,4.664028516693215221e-02,5.258692411589045018e-02,5.828282998036757312e-02,6.308972484151866011e-02,6.724869288884216534e-02,7.128567666192268948e-02,7.692649719329758273e-02
2.666058460588303838e-03,7.499999999999999722e-03,1.250000000000000069e-02,1.749999999999999820e-02,2.237086837551238369e-02,2.972491824543679537e-02,3.456792267938552793e-02,3.748731237745234895e-02,4.041248952167898062e-02,4.676578837699342517e-02,5.268951522347413430e-02,5.812672367765824022e-02,6.319825474168852542e-02,6.733179728321855850e-02,7.130566625421480564e-02,7.696166088066823396e-02
2.666058460588303838e-03,7.499999999999999722e-03,1.250000000000000069e-02,1.749999999999999820e-02,2.255458586656121367e-02,2.988514166937654773e-02,3.471555142936812860e-02,3.767826122951165729e-02,4.054770487775781473e-02,4.689029464887413401e-02,5.279253943341797456e-02,5.804054032665728613e-02,6.330392299048538673e-02,6.741079926596180161e-02,7.133742195197027847e-02,7.699982903543188539e-02
2.666058460588303838e-03,7.499999999999999722e-03,1.250000000000000069e-02,1.749999999999999820e-02,2.273650678340490353e-02,2.864620349748941280e-02,3.392636233209699037e-02,3.785295456218757543e-02,4.068173698243830044e-02,4.701386447798890783e-02,5.289619247714863470e-02,5.800157820706086653e-02,6.340810355972686940e-02,6.748867798064669965e-02,7.137448817657734979e-02,7.704357614647397434e-02
2.666058460588303838e-03,7.499999999999999722e-03,1.250000000000000069e-02,1.749999999999999820e-02,2.291665308975187124e-02,2.889567920968437453e-02,3.407088207340540353e-02,3.800290182698786573e-02,4.081463594985931809e-02,4.713647338949725207e-02,5.300016554750242026e-02,5.798102187227557880e-02,6.316783965870398365e-02,6.756696438608615629e-02,7.142341439848215456e-02,7.709330605516268031e-02
2.666058460588303838e-03,7.499999999999999722e-03,1.250000000000000069e-02,1.749999999999999820e-02,2.309505062947156753e-02,2.911623483935780327e-02,3.421630042815315687e-02,3.815083768715211987e-02,4.094640455978455773e-02,4.725811959591059985e-02,5.310438292480977596e-02,5.798447003806248001e-02,6.303732488580483795e-02,6.764115780526279431e-02,7.146777065574043408e-02,7.713862063302197314e-02
2.666058460588303838e-03,7.499999999999999722e-03,1.250000000000000069e-02,1.749999999999999820e-02,2.327174970531667789e-02,2.932718104909543336e-02,3.436054255226807241e-02,3.829750252356158707e-02,4.107707718622528176e-02,4.737883206234685257e-02,5.320879312023875374e-02,5.800708796313489707e-02,6.296740846598723740e-02,6.771376551888895479e-02,7.151379839289423446e-02,7.718339863535030043e-02
2.666058460588303838e-03,7.499999999999999722e-03,1.250000000000000069e-02,1.749999999999999820e-02,2.344678684925160031e-02,2.953282026015048578e-02,3.450356579073588642e-02,3.844295255174628306e-02,4.120667438154620998e-02,4.749862811788835293e-02,5.331334814782760084e-02,5.804462625407168924e-02,6.293858326388143687e-02,6.778637486591210237e-02,7.156417192404554428e-02,7.723010312154988954e-02
2.666058460588303838e-03,7.499999999999999722e-03,1.250000000000000069e-02,1.749999999999999820e-02,2.362019696767733712e-02,2.973465451725609138e-02,3.464539032945862518e-02,3.858722067559842289e-02,4.133521571224436919e-02,4.761752352379753500e-02,5.341800017764686964e-02,5.809393574172193320e-02,6.293900344567859850e-02,6.786000667139827081e-02,7.161998701896268860e-02,7.728035760666598919e-02
2.666058460588303838e-03,7.499999999999999722e-03,1.250000000000000069e-02,1.749999999999999820e-02,2.379201331873577810e-02,2.993337403653769865e-02,3.478603759037855736e-02,3.873033671873405553e-02,4.146272003974457027e-02,4.773553338310383004e-02,5.352270366171056615e-02,5.813408082541970945e-02,6.269823867782722826e-02,6.793497174242182912e-02,7.167020457674715128e-02,7.687870336559206319e-02
2.666058460588303838e-03,7.499999999999999722e-03,1.250000000000000069e-02,1.749999999999999820e-02,2.396226767997942583e-02,2.750000000000000014e-02,3.492552833899676551e-02,3.887232837381632972e-02,4.158920560139989925e-02,4.785267229099372799e-02,5.362741969685556886e-02,5.818107939731146511e-02,6.258194859820086220e-02,6.800590943107404085e-02,7.171540791264219283e-02,7.672818684437748837e-02
2.666058460588303838e-03,7.499999999999999722e-03,1.250000000000000069e-02,1.749999999999999820e-02,2.413099160560455009e-02,2.750000000000000014e-02,3.040314427873765449e-02,3.506418969860332358e-02,4.171469068013456544e-02,4.796895515359292372e-02,5.373211496755961325e-02,5.823523498595386400e-02,6.252983573889520086e-02,6.807509261718283633e-02,7.176125143312513111e-02,7.667192213622547881e-02
2.666058460588303838e-03,7.499999999999999722e-03,1.250000000000000069e-02,1.749999999999999820e-02,2.429821462280374114e-02,2.750000000000000014e-02,3.063993416015515364e-02,3.520143089364283218e-02,4.183919220351307172e-02,4.808439388747730303e-02,5.383672940618254577e-02,5.829547918658439798e-02,6.251890548426734806e-02,6.814396952582178757e-02,7.181024533501743912e-02,7.666575783716604586e-02
2.666058460588303838e-03,7.499999999999999722e-03,1.250000000000000069e-02,1.749999999999999820e-02,2.446396590675959173e-02,2.750000000000000014e-02,3.084636034272233290e-02,3.533757576678511758e-02,4.196272718436475091e-02,4.819900348770819742e-02,5.394125666515505596e-02,5.836089852914392445e-02,6.253603157559245451e-02,6.821351096664708680e-02,7.186363540444991316e-02,7.668971297990977154e-02
2.666058460588303838e-03,7.499999999999999722e-03,1.250000000000000069e-02,1.749999999999999820e-02,2.462827330006666510e-02,2.750000000000000014e-02,3.104307709690493078e-02,3.547264241762566883e-02,4.208531190631042279e-02,4.831279707762474451e-02,5.404566750559761795e-02,5.843073024987818775e-02,6.257304920084030830e-02,6.828433553168714032e-02,7.192189910823722221e-02,7.673330917712535559e-02
2.666058460588303838e-03,7.499999999999999722e-03,1.250000000000000069e-02,1.749999999999999820e-02,2.479116427442288814e-02,2.750000000000000014e-02,3.123467876237508850e-02,3.560664937540539837e-02,4.220696258827423553e-02,4.842578768668810013e-02,5.414993647190270015e-02,5.850434009877068103e-02,6.261403865901729593e-02,6.808284923767102259e-02,7.198549588236458074e-02,7.678667052134661997e-02
2.666058460588303838e-03,7.499999999999999722e-03,1.250000000000000069e-02,1.749999999999999820e-02,2.495266521963138834e-02,2.750000000000000014e-02,3.142274756903119109e-02,3.573961444070225535e-02,4.232706303435188055e-02,4.853619126948456597e-02,5.425404100355189774e-02,5.858118551971339821e-02,6.266627456616091774e-02,6.796612901669972506e-02,7.205086773446481296e-02,7.682648355980195576e-02
2.666058460588303838e-03,7.499999999999999722e-03,1.250000000000000069e-02,1.749999999999999820e-02,2.249999999999999917e-02,2.511280219088214694e-02,3.160799707473233022e-02,3.587155536014179080e-02,4.244622231901918480e-02,4.864592527861781590e-02,5.435794861483463081e-02,5.866076117431841264e-02,6.270686409631284763e-02,6.753174042540267819e-02,7.211892581148779402e-02,7.681918815881980112e-02
2.666058460588303838e-03,7.499999999999999722e-03,1.250000000000000069e-02,1.749999999999999820e-02,2.249999999999999917e-02,2.527160030836125143e-02,3.179081133688860250e-02,3.600248926237239327e-02,4.256448469504611060e-02,4.875494730897545620e-02,5.446163972932276109e-02,5.874269005363660923e-02,6.275472969027909298e-02,6.732398813096562851e-02,7.218379787372891654e-02,7.678790783806305198e-02
2.666058460588303838e-03,7.499999999999999722e-03,1.250000000000000069e-02,1.749999999999999820e-02,2.249999999999999917e-02,2.542908370870182802e-02,3.197142556095135951e-02,3.613243270018227926e-02,4.268186591018627296e-02,4.886326567743718569e-02,5.456509634249141066e-02,5.882664779963249491e-02,6.280989420876952056e-02,6.721969942397322539e-02,7.224794028983777538e-02,7.675431545127907318e-02
2.666058460588303838e-03,7.499999999999999722e-03,1.250000000000000069e-02,1.749999999999999820e-02,2.249999999999999917e-02,2.558527596430986220e-02,3.215000175238765662e-02,3.626139956266030695e-02,4.279837930681192060e-02,4.896932832670618241e-02,5.462244702584638512e-02,5.891238287594957601e-02,6.287112438808384329e-02,6.717507657383016417e-02,7.231272202339561472e-02,7.672901372204442294e-02
2.666058460588303838e-03,7.499999999999999722e-03,1.250000000000000069e-02,1.749999999999999820e-02,2.249999999999999917e-02,2.574020001983035044e-02,3.232665580142056461e-02,3.638940789573829465e-02,4.291404014134967554e-02,4.907447356849785336e-02,5.468200007539601032e-02,5.891164037232503314e-02,6.293676017023598634e-02,6.716559823539437757e-02,7.237814983367861499e-02,7.671609188953328051e-02
2.666058460588303838e-03,7.499999999999999722e-03,1.250000000000000069e-02,1.749999999999999820e-02,2.249999999999999917e-02,2.589387807080878803e-02,3.250148123589535060e-02,3.651647322751903207e-02,4.302886211363244479e-02,4.917888560783838930e-02,5.474283548880446576e-02,5.892524483733095619e-02,6.300589974171057206e-02,6.717733921317808887e-02,7.244322564093537420e-02,7.671562780847887564e-02
2.666058460588303838e-03,7.499999999999999722e-03,1.250000000000000069e-02,1.749999999999999820e-02,2.249999999999999917e-02,2.604633181699553268e-02,3.267455306685539823e-02,3.664261051356252491e-02,4.314285848969462434e-02,4.928258190149503032e-02,5.480533633485310668e-02,5.894867258034032498e-02,6.307800617114386887e-02,6.720452479529716305e-02,7.250873280143392552e-02,7.672716941245320832e-02
2.666058460588303838e-03,7.499999999999999722e-03,1.250000000000000069e-02,1.749999999999999820e-02,2.249999999999999917e-02,2.619758233395362221e-02,3.284593527038445759e-02,3.676783444208091972e-02,4.325604230355322571e-02,4.938557376824512235e-02,5.486938626404237046e-02,5.898035203270853011e-02,6.315263769439981301e-02,6.724329955768591771e-02,7.257515663408978246e-02,7.674970419635954166e-02
2.666058460588303838e-03,7.499999999999999722e-03,1.250000000000000069e-02,1.749999999999999820e-02,2.249999999999999917e-02,2.634765009338294744e-02,3.301568378137196419e-02,3.689215929631302349e-02,4.336842623517922490e-02,4.948787191708232946e-02,5.493486246711620086e-02,5.901653878750830196e-02,6.318737527819763555e-02,6.729109265726737621e-02,7.264275476863386871e-02,7.678213256048779800e-02
2.666058460588303838e-03,7.499999999999999722e-03,1.250000000000000069e-02,1.749999999999999820e-02,2.249999999999999917e-02,2.649655509939000120e-02,3.318384817155941441e-02,3.701559903278122537e-02,4.348002266250891590e-02,4.958948680015935057e-02,5.247655372272584662e-02,5.578814695693858072e-02,6.323937951785368883e-02,6.736936591036947475e-02,7.254674563168271584e-02,7.671433985634035224e-02
2.666058460588303838e-03,7.499999999999999722e-03,1.250000000000000069e-02,1.749999999999999820e-02,2.249999999999999917e-02,2.664431376110248939e-02,3.335046704596845296e-02,3.713816480853003588e-02,4.359084163597932993e-02,4.969042684947080207e-02,5.268472567656053845e-02,5.590043517755148572e-02,6.329763854864765837e-02,6.744747623887149823e-02,7.249933469087420368e-02,7.669685281926587328e-02
2.666058460588303838e-03,7.499999999999999722e-03,1.250000000000000069e-02,1.749999999999999820e-02,2.249999999999999917e-02,2.679094522989708058e-02,3.351559013499866985e-02,3.725987042378335612e-02,4.370089503829539812e-02,4.979070195103491719e-02,5.251263958886336763e-02,5.600854088209038240e-02,6.336091920506431441e-02,6.752889121822282237e-02,7.248088720224142578e-02,7.670563192931849350e-02
2.666058460588303838e-03,7.499999999999999722e-03,1.250000000000000069e-02,1.749999999999999820e-02,2.249999999999999917e-02,2.693647052980579007e-02,3.367925159999111268e-02,3.738073025991917736e-02,4.381019577642761287e-02,4.989032308994352516e-02,5.243505011419882095e-02,5.611679506596599365e-02,6.342811262831973829e-02,6.761290228383674827e-02,7.248346593136174854e-02,7.673283196413115126e-02
2.666058460588303838e-03,7.499999999999999722e-03,1.250000000000000069e-02,1.749999999999999820e-02,2.249999999999999917e-02,2.708090791260921171e-02,3.384148854162128545e-02,3.750075747589636660e-02,4.391875549186761291e-02,4.998930013073477063e-02,5.242132962553013725e-02,5.622451770554989792e-02,6.349863694005500325e-02,6.769913019506584861e-02,7.250240886674279295e-02,7.677381461006643759e-02
2.666058460588303838e-03,7.499999999999999722e-03,1.250000000000000069e-02,1.749999999999999820e-02,2.249999999999999917e-02,2.722427504160286962e-02,3.400233424912375152e-02,3.761996456120623306e-02,4.402658524852189753e-02,4.739779617167444448e-02,5.010962686639242047e-02,5.633181766770499477e-02,6.357348677644431012e-02,6.778721132992245046e-02,7.253426331320611542e-02,7.682537909104487917e-02
2.666058460588303838e-03,7.499999999999999722e-03,1.250000000000000069e-02,1.749999999999999820e-02,2.249999999999999917e-02,2.736658833671346686e-02,3.416181844456432637e-02,3.773836298887443819e-02,4.413369523986428872e-02,4.760514039834186362e-02,5.021069329463336700e-02,5.643858547524274044e-02,6.365071800585044015e-02,6.786758197567872852e-02,7.244848767680886481e-02,7.688569983603914249e-02
2.666058460588303838e-03,7.499999999999999722e-03,1.250000000000000069e-02,1.749999999999999820e-02,2.249999999999999917e-02,2.750786360645781498e-02,3.431997284018388494e-02,3.785596427428807031e-02,4.424009555195606430e-02,4.776311829394198905e-02,5.031115389190020382e-02,5.654481744585349023e-02,6.373008144350922333e-02,6.794907052771378964e-02,7.240774863714037612e-02,7.695094285922479682e-02
2.666058460588303838e-03,7.499999999999999722e-03,1.250000000000000069e-02,1.749999999999999820e-02,2.249999999999999917e-02,2.764811865676262276e-02,3.447682489682421525e-02,3.797278069873279843e-02,4.434579708941738252e-02,4.790691749110063263e-02,5.041100459204858608e-02,5.665051437365536957e-02,6.381126460680303092e-02,6.803206989323308529e-02,7.239369046598671809e-02,7.702049285881983065e-02
2.666058460588303838e-03,7.499999999999999722e-03,1.250000000000000069e-02,1.749999999999999820e-02,2.249999999999999917e-02,2.778736940407895012e-02,3.461775581419373332e-02,3.808882374717184605e-02,4.445081001126034020e-02,4.804445930254503533e-02,5.051025309180984940e-02,5.674464958830204714e-02,6.364691775771187665e-02,6.811641387666887704e-02,7.239686203748971205e-02,7.709294745162359463e-02
2.666058460588303838e-03,7.499999999999999722e-03,1.250000000000000069e-02,1.749999999999999820e-02,2.249999999999999917e-02,2.792563146248816866e-02,3.475397976063018118e-02,3.820410458775511803e-02,4.455514421152301924e-02,4.817841981305148041e-02,5.060890170536778282e-02,5.683785698086751825e-02,6.354170999633400319e-02,6.820085932573750898e-02,7.240072299844274584e-02,7.716118707808330979e-02
2.666058460588303838e-03,7.499999999999999722e-03,1.250000000000000069e-02,1.749999999999999820e-02,2.249999999999999917e-02,2.806291990078907395e-02,3.488871477834523671e-02,3.831863405129398714e-02,4.465880923058342111e-02,4.830995848307245016e-02,5.070696251028991575e-02,5.693069816600028477e-02,6.347262550375053214e-02,6.828541128866175147e-02,7.240735856293825656e-02,7.722706018835670538e-02
2.666058460588303838e-03,7.499999999999999722e-03,1.250000000000000069e-02,1.749999999999999820e-02,2.249999999999999917e-02,2.819924957036643726e-02,3.250000000000000111e-02,3.843242272091580009e-02,4.476181442952328893e-02,4.843965971900356104e-02,5.080444315553400703e-02,5.702319095412271277e-02,6.341644198065769789e-02,6.812997465395753682e-02,7.241849619237124280e-02,7.729164688222599222e-02
2.666058460588303838e-03,7.499999999999999722e-03,1.250000000000000069e-02,1.749999999999999820e-02,2.249999999999999917e-02,2.833463515742655481e-02,3.250000000000000111e-02,3.854548112147387906e-02,4.486416909776350104e-02,4.856785200275984954e-02,5.090135111176032068e-02,5.711533534703448767e-02,6.337981734306696868e-02,6.803357810654199478e-02,7.243251249383754475e-02,7.734998340361412539e-02
2.666058460588303838e-03,7.499999999999999722e-03,1.250000000000000069e-02,1.749999999999999820e-02,2.249999999999999917e-02,2.846909082357311493e-02,3.250000000000000111e-02,3.865781946891929527e-02,4.496588227252186487e-02,4.869473899556442387e-02,5.099769366807557075e-02,5.720713068987988426e-02,6.336026397493334239e-02,6.797181865327596439e-02,7.245005509776822339e-02,7.740470537130375583e-02
2.666058460588303838e-03,7.499999999999999722e-03,1.250000000000000069e-02,1.749999999999999820e-02,2.249999999999999917e-02,2.860263026361498789e-02,3.250000000000000111e-02,3.876944765045352292e-02,4.338704253765864743e-02,4.507515938774404179e-02,5.109348817690116673e-02,5.729859152811658113e-02,6.335474865858944926e-02,6.793598492378075115e-02,7.247147845982904180e-02,7.745785740289810872e-02
2.666058460588303838e-03,7.499999999999999722e-03,1.250000000000000069e-02,1.749999999999999820e-02,2.249999999999999917e-02,2.873526581728961735e-02,3.250000000000000111e-02,3.888037432210161154e-02,4.357579952757054814e-02,4.517637675698649158e-02,5.118873145410314518e-02,5.738969869121483824e-02,6.336085940565319707e-02,6.792017132620771502e-02,7.249684401868977668e-02,7.751044963843528590e-02
2.666058460588303838e-03,7.499999999999999722e-03,1.250000000000000069e-02,1.749999999999999820e-02,2.249999999999999917e-02,2.886701078873247367e-02,3.250000000000000111e-02,3.899060941658382545e-02,4.372658671805644548e-02,4.527698975405795856e-02,5.128343106719127076e-02,5.748045722924909756e-02,6.337672165787172629e-02,6.792017089164860411e-02,7.252616379499672583e-02,7.756345951222559654e-02
2.666058460588303838e-03,7.499999999999999722e-03,1.250000000000000069e-02,1.749999999999999820e-02,2.249999999999999917e-02,2.899787897838626907e-02,3.250000000000000111e-02,3.910016251733372528e-02,4.386636349985649497e-02,4.537699772569776802e-02,5.137759310011318081e-02,5.757086320852997097e-02,6.340078141403188150e-02,6.793279351743139460e-02,7.255927910099513323e-02,7.761746493962501381e-02
2.666058460588303838e-03,7.499999999999999722e-03,1.250000000000000069e-02,1.749999999999999820e-02,2.249999999999999917e-02,2.912788334389551995e-02,3.250000000000000111e-02,3.920904322192150099e-02,4.400119905787891472e-02,4.547640868683321125e-02,5.147122468680697532e-02,5.766091667248349206e-02,6.343178944043620371e-02,6.795566741366437791e-02,7.259603089904186068e-02,7.767288686638443296e-02
2.666058460588303838e-03,7.499999999999999722e-03,1.250000000000000069e-02,1.749999999999999820e-02,2.249999999999999917e-02,2.925703631582099798e-02,3.250000000000000111e-02,3.931726054038752610e-02,4.413313576922953813e-02,4.557523044683480656e-02,5.156433227657476054e-02,5.775061856701792229e-02,6.346875207765133309e-02,6.798695269907122085e-02,7.263621526672624229e-02,7.772997256468941463e-02
2.666058460588303838e-03,7.499999999999999722e-03,1.250000000000000069e-02,1.749999999999999820e-02,2.249999999999999917e-02,2.938534997263760051e-02,3.250000000000000111e-02,3.942482328227862182e-02,4.426305783492169577e-02,4.567347063047129396e-02,5.165692217172900003e-02,5.783996900847950678e-02,6.350103551659642964e-02,6.790997168267368100e-02,7.267993492608768036e-02,7.778862605720207601e-02
2.666058460588303838e-03,7.499999999999999722e-03,1.250000000000000069e-02,1.749999999999999820e-02,2.249999999999999917e-02,2.951283618182648852e-02,3.250000000000000111e-02,3.953174009343127931e-02,4.439141243681045401e-02,4.577113673170347952e-02,5.174900055842548280e-02,5.792896809377762191e-02,6.353669749651780219e-02,6.786898677236340161e-02,7.272593366231054623e-02,7.784623639952222007e-02
2.666058460588303838e-03,7.499999999999999722e-03,1.250000000000000069e-02,1.749999999999999820e-02,2.249999999999999917e-02,2.963950602395156245e-02,3.250000000000000111e-02,3.963801912113749937e-02,4.451845688945207241e-02,4.586823574968675044e-02,5.184057324687764423e-02,5.801761629470694043e-02,6.357635938247054030e-02,6.784988190942645159e-02,7.277417244849741784e-02,7.790369759270511507e-02
2.666058460588303838e-03,7.499999999999999722e-03,1.250000000000000069e-02,1.749999999999999820e-02,2.249999999999999917e-02,2.976537147508335687e-02,3.250000000000000111e-02,3.974366895131668104e-02,4.464434445458729389e-02,4.596404398721883749e-02,5.193093905244135222e-02,5.810590679142683956e-02,6.361959540437391036e-02,6.784756282037228414e-02,7.282457093200123133e-02,7.796156114712295138e-02
2.666058460588303838e-03,7.499999999999999722e-03,1.250000000000000069e-02,1.749999999999999820e-02,2.249999999999999917e-02,2.989044341813287819e-02,3.250000000000000111e-02,3.984869767703718563e-02,4.476918155640621094e-02,4.605927163557172604e-02,5.202088599508053468e-02,5.819384430908119271e-02,6.366598782521416811e-02,6.785845334017713559e-02,7.287702659361741664e-02,7.802021294172703514e-02
2.666058460588303838e-03,7.499999999999999722e-03,1.250000000000000069e-02,1.749999999999999820e-02,2.249999999999999917e-02,2.750000000000000014e-02,3.001473303043773050e-02,3.995311342218645090e-02,4.489303977415308455e-02,4.615394884960822425e-02,5.211036939179752164e-02,5.828142919580788645e-02,6.371519400430691871e-02,6.787994371219130407e-02,7.293142634226315590e-02,7.807991456706703248e-02
2.666058460588303838e-03,7.499999999999999722e-03,1.250000000000000069e-02,1.749999999999999820e-02,2.249999999999999917e-02,2.750000000000000014e-02,3.013825119594743321e-02,3.797181708879350526e-02,4.005692415179798460e-02,4.624807992297030185e-02,5.219939487569835029e-02,5.836866237736281632e-02,6.376691372215394227e-02,6.791005030571055368e-02,7.298765465353747317e-02,7.814083293776326322e-02
2.666058460588303838e-03,7.499999999999999722e-03,1.250000000000000069e-02,1.749999999999999820e-02,2.249999999999999917e-02,2.750000000000000014e-02,3.026100776669408271e-02,3.816727559823228366e-02,4.016013717752152379e-02,4.634168185988331301e-02,5.228796688852576507e-02,5.845554454873105876e-02,6.382088307237063218e-02,6.794723971302527032e-02,7.304559705238164447e-02,7.820306633001557206e-02
2.666058460588303838e-03,7.499999999999999722e-03,1.250000000000000069e-02,1.749999999999999820e-02,2.249999999999999917e-02,2.750000000000000014e-02,3.038301310289549112e-02,3.832596414462167977e-02,4.026276009610327278e-02,4.643475629405949268e-02,5.237609025483076081e-02,5.854207654856213860e-02,6.387686785423116187e-02,6.797271983431239784e-02,7.287391776315103875e-02,7.826703153608027819e-02
2.666058460588303838e-03,7.499999999999999722e-03,1.250000000000000069e-02,1.749999999999999820e-02,2.249999999999999917e-02,2.750000000000000014e-02,3.050427761866533402e-02,3.847394645763029669e-02,4.036480047364755103e-02,4.652730996228021665e-02,5.246131495657667398e-02,5.861122328690483718e-02,6.393467855956053159e-02,6.800236365820282181e-02,7.277133500343573036e-02,7.832979659518483906e-02
2.666058460588303838e-03,7.499999999999999722e-03,1.250000000000000069e-02,1.749999999999999820e-02,2.249999999999999917e-02,2.750000000000000014e-02,3.062481092434450256e-02,3.861702818169669010e-02,4.046626551012813544e-02,4.661934920224249101e-02,5.254593821132128029e-02,5.868127354429613501e-02,6.399406148001260397e-02,6.803671285083959241e-02,7.270582292522259626e-02,7.839181036801837199e-02
2.666058460588303838e-03,7.499999999999999722e-03,1.250000000000000069e-02,1.749999999999999820e-02,2.249999999999999917e-02,2.750000000000000014e-02,3.074462276657252344e-02,3.875716810210865643e-02,4.056716234539508442e-02,4.671088033392935268e-02,5.263010621742390122e-02,5.875158620428634626e-02,6.405485573327431015e-02,6.807521419313801447e-02,7.266727605612077756e-02,7.845354384241061407e-02
2.666058460588303838e-03,7.499999999999999722e-03,1.250000000000000069e-02,1.749999999999999820e-02,2.249999999999999917e-02,2.750000000000000014e-02,3.086372288385886078e-02,3.889521386259522234e-02,4.066749816262928835e-02,4.680190976082953397e-02,5.271382952786708709e-02,5.882211433329161826e-02,6.411691722576527697e-02,6.811735222981195326e-02,7.264909467476574068e-02,7.851534154186159964e-02
2.666058460588303838e-03,7.499999999999999722e-03,1.250000000000000069e-02,1.749999999999999820e-02,2.249999999999999917e-02,2.750000000000000014e-02,3.098211995905894925e-02,3.903160410981681289e-02,4.076727947604696228e-02,4.689244316584140898e-02,5.279711327162509016e-02,5.889283333098998402e-02,6.418011924550053038e-02,6.816268960189986181e-02,7.264667117078291159e-02,7.857746594547616870e-02
2.666058460588303838e-03,7.499999999999999722e-03,1.250000000000000069e-02,1.749999999999999820e-02,2.249999999999999917e-02,2.750000000000000014e-02,3.109982327832108706e-02,3.916658477613688127e-02,4.086651305645972593e-02,4.698248660345120953e-02,5.287996269730038668e-02,5.896165306058238215e-02,6.418096711817540545e-02,6.821087234253420117e-02,7.265672134047758413e-02,7.864004860246701090e-02
2.666058460588303838e-03,7.499999999999999722e-03,1.250000000000000069e-02,1.749999999999999820e-02,2.249999999999999917e-02,2.750000000000000014e-02,3.121684159929676364e-02,3.930031192496330483e-02,4.096520544018138199e-02,4.707204583292566580e-02,5.296238271906145850e-02,5.903027598021875350e-02,6.419044608758465997e-02,6.826147317670581971e-02,7.266823143446260458e-02,7.853459014226886470e-02
2.666058460588303838e-03,7.499999999999999722e-03,1.250000000000000069e-02,1.749999999999999820e-02,2.249999999999999917e-02,2.750000000000000014e-02,3.133318365816916556e-02,3.943288965492552922e-02,4.106336308532426010e-02,4.716112657114678725e-02,5.304437822403262892e-02,5.909897280702552935e-02,6.420313529188241553e-02,6.827387948470690915e-02,7.268722676064545696e-02,7.846333090403953547e-02
2.666058460588303838e-03,7.499999999999999722e-03,1.250000000000000069e-02,1.749999999999999820e-02,2.249999999999999917e-02,2.750000000000000014e-02,3.144885786035586661e-02,3.956439272191857037e-02,4.116099223357929521e-02,4.724973433601836748e-02,5.312595393039211411e-02,5.916774025341107329e-02,6.422030435485827360e-02,6.829406340995583524e-02,7.271279121863138961e-02,7.841112724224137687e-02
2.666058460588303838e-03,7.499999999999999722e-03,1.250000000000000069e-02,1.749999999999999820e-02,2.249999999999999917e-02,2.750000000000000014e-02,3.156387190594188430e-02,3.969487698155320377e-02,4.125809861257152822e-02,4.733787417948626813e-02,5.320711414524404576e-02,5.923656604359867767e-02,6.424185275022230301e-02,6.831952609096593465e-02,7.274390578777438499e-02,7.837466246090891986e-02
2.666058460588303838e-03,7.499999999999999722e-03,1.250000000000000069e-02,1.749999999999999820e-02,2.249999999999999917e-02,2.750000000000000014e-02,3.167823549889531298e-02,3.982438510344825378e-02,4.135468940037501095e-02,4.742555249133343503e-02,5.328786432647476118e-02,5.930543846870197505e-02,6.426734178524795560e-02,6.834954306837265348e-02,7.277973236806378754e-02,7.835141407225376664e-02
2.666058460588303838e-03,7.499999999999999722e-03,1.250000000000000069e-02,1.749999999999999820e-02,2.249999999999999917e-02,2.750000000000000014e-02,3.179195578112677112e-02,3.994517900387999781e-02,4.145076993888974909e-02,4.751277397156986049e-02,5.336820853073272891e-02,5.937434612986112331e-02,6.429637874309673817e-02,6.838355110948472759e-02,7.281959738858710673e-02,7.833938595950215578e-02
2.666058460588303838e-03,7.499999999999999722e-03,1.250000000000000069e-02,1.749999999999999820e-02,2.249999999999999917e-02,2.750000000000000014e-02,3.190504036442522173e-02,3.750000000000000555e-02,4.154634589637760250e-02,4.759954361703338382e-02,5.344815100227115479e-02,5.944327795875625764e-02,6.432861508018361540e-02,6.842107024060367637e-02,7.286294147014701905e-02,7.833695623616186710e-02
2.666058460588303838e-03,7.499999999999999722e-03,1.250000000000000069e-02,1.749999999999999820e-02,2.249999999999999917e-02,2.750000000000000014e-02,3.201749719900081476e-02,3.750000000000000555e-02,4.164142320723096535e-02,4.768586667030257076e-02,5.352769619229021114e-02,5.951077769185605937e-02,6.429672787846170412e-02,6.846173991481087351e-02,7.290934060049396315e-02,7.834282473351775189e-02
2.666058460588303838e-03,7.499999999999999722e-03,1.250000000000000069e-02,1.749999999999999820e-02,2.249999999999999917e-02,2.750000000000000014e-02,3.212933404289447514e-02,3.750000000000000555e-02,4.173600764103181648e-02,4.777174830745364864e-02,5.360684859079811737e-02,5.957776438232191552e-02,6.427706096669145996e-02,6.850512886392573497e-02,7.295187880432281446e-02,7.825688345304961102e-02
2.666058460588303838e-03,7.499999999999999722e-03,1.250000000000000069e-02,1.749999999999999820e-02,2.249999999999999917e-02,2.750000000000000014e-02,3.224055867261620828e-02,3.750000000000000555e-02,4.183010502987073720e-02,4.785719363791535175e-02,5.368561253033555386e-02,5.964463608651355414e-02,6.426600437745907946e-02,6.855092639503540530e-02,7.299598592209838310e-02,7.820299984321844866e-02
2.666058460588303838e-03,7.499999999999999722e-03,1.250000000000000069e-02,1.749999999999999820e-02,2.249999999999999917e-02,2.750000000000000014e-02,3.235117737631784673e-02,3.750000000000000555e-02,4.192372007644296766e-02,4.794220679434814392e-02,5.376399155981167327e-02,5.971140341784050148e-02,6.426243897408699668e-02,6.859886758725970701e-02,7.304202111049550028e-02,7.816943548591549773e-02
2.666058460588303838e-03,7.499999999999999722e-03,1.250000000000000069e-02,1.749999999999999820e-02,2.249999999999999917e-02,2.750000000000000014e-02,3.246119776649894484e-02,3.750000000000000555e-02,4.201685849805174289e-02,4.802679283940337190e-02,5.384198995059538695e-02,5.977806410258711123e-02,6.426547152033730559e-02,6.864871705786620981e-02,7.308190074601519926e-02,7.803619064445756204e-02
2.666058460588303838e-03,7.499999999999999722e-03,1.250000000000000069e-02,1.749999999999999820e-02,2.249999999999999917e-02,2.750000000000000014e-02,3.257062743539644589e-02,3.750000000000000555e-02,4.210952591502380160e-02,4.811095683496553060e-02,5.391961213273269160e-02,5.984461582543696562e-02,6.427434472776741292e-02,6.870027141705158102e-02,7.312290822403666457e-02,7.794716460407062619e-02
2.666058460588303838e-03,7.499999999999999722e-03,1.250000000000000069e-02,1.749999999999999820e-02,2.249999999999999917e-02,2.750000000000000014e-02,3.267947187002624709e-02,3.750000000000000555e-02,4.220172650075361409e-02,4.819470234663354030e-02,5.399686108902686243e-02,5.991105508274933988e-02,6.428840794667819991e-02,6.875335229201656739e-02,7.316564567813521602e-02,7.788595925752937743e-02
2.666058460588303838e-03,7.499999999999999722e-03,1.250000000000000069e-02,1.749999999999999820e-02,2.249999999999999917e-02,2.750000000000000014e-02,3.278773928420242179e-02,3.750000000000000555e-02,4.229346640682510317e-02,4.827803489251748792e-02,5.407374153779284653e-02,5.997737956230946021e-02,6.430709510037170562e-02,6.880779786599514058e-02,7.320998668371067608e-02,7.784597059701255095e-02
2.666058460588303838e-03,7.499999999999999722e-03,1.250000000000000069e-02,1.749999999999999820e-02,2.249999999999999917e-02,2.750000000000000014e-02,3.289543617793632552e-02,3.750000000000000555e-02,4.238475047674893775e-02,4.836095871499037496e-02,5.415025715506101289e-02,5.741331489726191756e-02,6.076885768418569672e-02,6.886955912666882507e-02,7.327122274690855974e-02,7.789699170834306352e-02
2.666058460588303838e-03,7.499999999999999722e-03,1.250000000000000069e-02,1.749999999999999820e-02,2.249999999999999917e-02,2.750000000000000014e-02,3.300256637261254899e-02,3.750000000000000555e-02,4.247558148499860214e-02,4.844347639634598995e-02,5.422641008797574741e-02,5.759335213958141630e-02,6.085185778830676934e-02,6.893261504396544503e-02,7.333227810460772600e-02,7.794625091288027996e-02
2.666058460588303838e-03,7.499999999999999722e-03,1.250000000000000069e-02,1.749999999999999820e-02,2.249999999999999917e-02,2.750000000000000014e-02,3.310913460360873084e-02,3.750000000000000555e-02,4.256596278879838657e-02,4.852559055621934875e-02,5.430220239119942088e-02,5.771831745524421547e-02,6.093508864512406364e-02,6.899661210340474193e-02,7.339405938238373339e-02,7.799852435270734907e-02
2.666058460588303838e-03,7.499999999999999722e-03,1.250000000000000069e-02,1.749999999999999820e-02,2.249999999999999917e-02,2.750000000000000014e-02,3.321515104747307934e-02,3.750000000000000555e-02,4.265590217464820810e-02,4.860730831085642578e-02,5.437764029505320895e-02,5.782779325962152800e-02,6.101150546218837151e-02,6.891818555910188271e-02,7.345653999399665013e-02,7.805319703407255505e-02
2.666058460588303838e-03,7.499999999999999722e-03,1.250000000000000069e-02,1.749999999999999820e-02,2.249999999999999917e-02,2.750000000000000014e-02,3.332062165919279922e-02,3.750000000000000555e-02,4.274540422661490119e-02,4.868863365026350476e-02,5.445272730532040029e-02,5.793073814524596354e-02,6.108732703294297850e-02,6.885402561096021223e-02,7.334495057295102594e-02,7.810598811339553027e-02
2.666058460588303838e-03,7.499999999999999722e-03,1.250000000000000069e-02,1.749999999999999820e-02,2.249999999999999917e-02,2.750000000000000014e-02,3.342555293032179603e-02,3.750000000000000555e-02,4.283447389142828327e-02,4.876957102238709679e-02,5.452746719097636280e-02,5.803016261825175159e-02,6.116283325994911757e-02,6.880289388493678049e-02,7.326754670329820029e-02,7.815785623454760134e-02
2.666058460588303838e-03,7.499999999999999722e-03,1.250000000000000069e-02,1.749999999999999820e-02,2.249999999999999917e-02,2.750000000000000014e-02,3.352995096470472863e-02,3.750000000000000555e-02,4.292311577674084999e-02,4.885012449321058520e-02,5.460186345948680325e-02,5.812737310863804602e-02,6.123801131046026358e-02,6.876364133686307945e-02,7.321078670077867112e-02,7.820910093411630182e-02
2.666058460588303838e-03,7.499999999999999722e-03,1.250000000000000069e-02,1.749999999999999820e-02,2.249999999999999917e-02,2.750000000000000014e-02,3.363382142760827642e-02,3.750000000000000555e-02,4.301133414914867781e-02,4.893029781894533969e-02,5.467591933383107033e-02,5.822302851448188377e-02,6.131288386463282919e-02,6.873508646500015029e-02,7.317063674009774421e-02,7.826000182767005320e-02
2.666058460588303838e-03,7.499999999999999722e-03,1.250000000000000069e-02,1.749999999999999820e-02,2.249999999999999917e-02,2.750000000000000014e-02,3.373717030573458037e-02,3.750000000000000555e-02,4.309913354612365799e-02,4.901009503691634156e-02,5.474963826718001747e-02,5.831749260442024851e-02,6.138745384239320535e-02,6.871579296678985427e-02,7.314417103475417958e-02,7.831078734210586423e-02
2.666058460588303838e-03,7.499999999999999722e-03,1.250000000000000069e-02,1.749999999999999820e-02,2.249999999999999917e-02,2.750000000000000014e-02,3.384000311829734459e-02,3.750000000000000555e-02,4.318651814282193496e-02,4.908951982278920295e-02,5.482302341294002790e-02,5.841098948302399230e-02,6.146172327357408982e-02,6.870457566596123444e-02,7.312911221874679457e-02,7.836164064718192934e-02
2.666058460588303838e-03,7.499999999999999722e-03,1.250000000000000069e-02,1.749999999999999820e-02,2.249999999999999917e-02,2.750000000000000014e-02,3.394232553830302951e-02,3.750000000000000555e-02,4.327349223130592254e-02,4.916857597953293996e-02,5.489607803055536472e-02,5.850366104890606517e-02,6.153569410308464688e-02,6.870043589603654077e-02,7.312365083725932968e-02,7.841270221846056987e-02
2.666058460588303838e-03,7.499999999999999722e-03,1.250000000000000069e-02,1.749999999999999820e-02,2.249999999999999917e-02,2.750000000000000014e-02,3.404414313942030063e-02,3.750000000000000555e-02,4.336006005522371337e-02,4.924726727230915868e-02,5.496880534595880580e-02,5.859560359220812586e-02,6.160936826878306988e-02,6.870252732383422267e-02,7.312633231635325137e-02,7.846408004444997697e-02
2.666058460588303838e-03,7.499999999999999722e-03,1.250000000000000069e-02,1.749999999999999820e-02,2.249999999999999917e-02,2.750000000000000014e-02,3.414546080260243144e-02,3.750000000000000555e-02,4.344622524662444807e-02,4.932559687341934312e-02,5.473764129769313064e-02,5.507795140538327555e-02,6.168279230609382408e-02,6.871094139260985889e-02,7.313692949705780100e-02,7.851816563376148861e-02
2.666058460588303838e-03,7.499999999999999722e-03,1.250000000000000069e-02,1.749999999999999820e-02,2.249999999999999917e-02,2.750000000000000014e-02,3.424628381548167760e-02,3.750000000000000555e-02,4.353199186573471907e-02,4.940356846411530362e-02,5.491496432328210608e-02,5.515288997510239821e-02,6.175592680504159160e-02,6.872418979394677441e-02,7.315338504810217635e-02,7.857246929406533353e-02
2.666058460588303838e-03,7.499999999999999722e-03,1.250000000000000069e-02,1.749999999999999820e-02,2.249999999999999917e-02,2.750000000000000014e-02,3.434661647405574253e-02,3.750000000000000555e-02,4.361736298862052552e-02,4.948118465108644615e-02,5.495324509003969571e-02,5.522744248203537848e-02,6.182877319549478362e-02,6.874179682726397345e-02,7.317497137981118782e-02,7.862719628747916190e-02
2.666058460588303838e-03,7.499999999999999722e-03,1.250000000000000069e-02,1.749999999999999820e-02,2.249999999999999917e-02,2.750000000000000014e-02,3.444646420427846523e-02,3.750000000000000555e-02,4.370234292082297856e-02,4.955844920328271452e-02,5.457974868191240586e-02,5.530166517281479011e-02,6.190133316276604653e-02,6.876327725431272131e-02,7.320101904851017416e-02,7.868237541857495132e-02
2.666058460588303838e-03,7.499999999999999722e-03,1.250000000000000069e-02,1.749999999999999820e-02,2.249999999999999917e-02,2.750000000000000014e-02,3.454583204120648121e-02,3.750000000000000555e-02,4.378693535974967355e-02,4.963536535749039913e-02,5.348758892336034909e-02,5.537565139858847962e-02,6.197360887091661608e-02,6.878823904377398546e-02,7.323096933906469985e-02,7.873802632313478544e-02
2.666058460588303838e-03,7.499999999999999722e-03,1.250000000000000069e-02,1.749999999999999820e-02,2.249999999999999917e-02,2.750000000000000014e-02,3.464472630531476721e-02,3.750000000000000555e-02,4.387114520591681166e-02,4.971193755883926424e-02,5.333425616492244725e-02,5.544932856944964628e-02,6.204560227206221829e-02,6.881632274435270369e-02,7.326433792611336537e-02,7.879415001099375482e-02
2.666058460588303838e-03,7.499999999999999722e-03,1.250000000000000069e-02,1.749999999999999820e-02,2.249999999999999917e-02,2.750000000000000014e-02,3.474315188977564889e-02,3.750000000000000555e-02,4.395497621403147981e-02,4.978816913751231421e-02,5.331955082723936062e-02,5.552269877383871760e-02,6.211731528130523539e-02,6.884721845754913916e-02,7.330071913033094078e-02,7.885074960324477134e-02
2.666058460588303838e-03,7.499999999999999722e-03,1.250000000000000069e-02,1.749999999999999820e-02,2.249999999999999917e-02,2.750000000000000014e-02,3.484111327959432680e-02,3.750000000000000555e-02,4.403843178379501094e-02,4.986406309200594467e-02,5.335189175999856259e-02,5.559576430145014847e-02,6.218874956349985245e-02,6.887595237558370720e-02,7.328106259200986572e-02,7.890796225713871126e-02
2.666058460588303838e-03,7.499999999999999722e-03,1.250000000000000069e-02,1.749999999999999820e-02,2.249999999999999917e-02,2.750000000000000014e-02,3.493861479335545750e-02,3.750000000000000555e-02,4.412151517282794644e-02,4.993962228901711875e-02,5.321380215026994681e-02,5.566852698278423189e-02,6.225990672018984901e-02,6.890613244097244794e-02,7.327403813161778579e-02,7.896548029798768076e-02
2.666058460588303838e-03,7.499999999999999722e-03,1.250000000000000069e-02,1.749999999999999820e-02,2.249999999999999917e-02,2.750000000000000014e-02,3.250000000000000111e-02,3.503566131265861694e-02,4.420423014594632855e-02,4.750000000000000056e-02,5.001485929364161975e-02,5.574098856376868277e-02,6.233078595410578709e-02,6.893833119183451208e-02,7.327499114222853216e-02,7.902331676748473865e-02
2.666058460588303838e-03,7.499999999999999722e-03,1.250000000000000069e-02,1.749999999999999820e-02,2.249999999999999917e-02,2.750000000000000014e-02,3.250000000000000111e-02,3.513221257351489130e-02,4.428654805312381981e-02,4.750000000000000056e-02,5.008973143277809653e-02,5.581312747652577427e-02,6.240136616346360354e-02,6.897237622841487226e-02,7.328265594200998601e-02,7.908144237966720225e-02
2.666058460588303838e-03,7.499999999999999722e-03,1.250000000000000069e-02,1.749999999999999820e-02,2.249999999999999917e-02,2.750000000000000014e-02,3.250000000000000111e-02,3.522831755868620351e-02,4.436850355958832370e-02,4.750000000000000056e-02,5.016427717420986199e-02,5.588497027808198014e-02,6.247167419540248373e-02,6.900815467685025850e-02,7.329615188065505271e-02,7.913990602494050397e-02
2.666058460588303838e-03,7.499999999999999722e-03,1.250000000000000069e-02,1.749999999999999820e-02,2.249999999999999917e-02,2.750000000000000014e-02,3.250000000000000111e-02,3.532398494662143673e-02,4.445010337365639524e-02,4.750000000000000056e-02,5.023850258174950012e-02,5.595652201638989104e-02,6.254171376820337469e-02,6.904552752715251152e-02,7.331469768260633069e-02,7.919869768536111354e-02
2.666058460588303838e-03,7.499999999999999722e-03,1.250000000000000069e-02,1.749999999999999820e-02,2.249999999999999917e-02,2.750000000000000014e-02,3.250000000000000111e-02,3.541922145034819003e-02,4.453135272212054713e-02,4.750000000000000056e-02,5.031241231516243168e-02,5.602778656241311217e-02,6.261148798083188138e-02,6.908437076033831226e-02,7.333764680838998629e-02,7.925781224294549399e-02
2.666058460588303838e-03,7.499999999999999722e-03,1.250000000000000069e-02,1.749999999999999820e-02,2.249999999999999917e-02,2.750000000000000014e-02,3.250000000000000111e-02,3.551402628625879854e-02,4.461225128792947053e-02,4.750000000000000056e-02,5.038600620766130189e-02,5.609613107626000572e-02,6.267496706698175157e-02,6.912457730041861315e-02,7.335277887567143162e-02,7.909689476438649947e-02
2.666058460588303838e-03,7.499999999999999722e-03,1.250000000000000069e-02,1.749999999999999820e-02,2.249999999999999917e-02,2.750000000000000014e-02,3.250000000000000111e-02,3.560839396064645335e-02,4.469279542841152197e-02,4.750000000000000056e-02,5.045928127356808651e-02,5.616407593935007075e-02,6.273868189151005081e-02,6.916600009383269687e-02,7.336999400046513575e-02,7.897997425960226470e-02
2.666058460588303838e-03,7.499999999999999722e-03,1.250000000000000069e-02,1.749999999999999820e-02,2.249999999999999917e-02,2.750000000000000014e-02,3.250000000000000111e-02,3.570233200936304835e-02,4.477299048235997697e-02,4.750000000000000056e-02,5.053224203787503449e-02,5.623173092228382630e-02,6.280229640928293444e-02,6.920855073814538572e-02,7.339032084103404296e-02,7.889014807399176432e-02
2.666058460588303838e-03,7.499999999999999722e-03,1.250000000000000069e-02,1.749999999999999820e-02,2.249999999999999917e-02,2.750000000000000014e-02,3.250000000000000111e-02,3.579585717394320049e-02,4.485284872100226555e-02,4.509995395248144606e-02,5.060489912723390576e-02,5.629910931642533728e-02,6.286580332752166045e-02,6.925215081067249978e-02,7.341160711399392913e-02,7.879345187062951339e-02
2.666058460588303838e-03,7.499999999999999722e-03,1.250000000000000069e-02,1.749999999999999820e-02,2.249999999999999917e-02,2.750000000000000014e-02,3.250000000000000111e-02,3.588897162422088200e-02,4.493237215902943366e-02,4.526977052433880933e-02,5.067725448901479190e-02,5.636621304087276879e-02,6.292919757660966895e-02,6.929671720695340653e-02,7.343531711574183274e-02,7.872054728586991290e-02
2.666058460588303838e-03,7.499999999999999722e-03,1.250000000000000069e-02,1.749999999999999820e-02,2.249999999999999917e-02,2.750000000000000014e-02,3.250000000000000111e-02,3.598167217468820761e-02,4.250000000000000305e-02,4.501155872981356387e-02,5.074930643671257680e-02,5.643304052252792746e-02,6.299247230282206678e-02,6.934217264456786489e-02,7.346138662288975718e-02,7.866607226905801553e-02
2.666058460588303838e-03,7.499999999999999722e-03,1.250000000000000069e-02,1.749999999999999820e-02,2.249999999999999917e-02,2.750000000000000014e-02,3.250000000000000111e-02,3.607396622496439331e-02,4.250000000000000305e-02,4.509041379241038316e-02,5.082105957245971334e-02,5.649959588552130874e-02,6.305562760819011237e-02,6.938845491273586130e-02,7.348962321489620197e-02,7.862672149945242051e-02
2.666058460588303838e-03,7.499999999999999722e-03,1.250000000000000069e-02,1.749999999999999820e-02,2.249999999999999917e-02,2.750000000000000014e-02,3.250000000000000111e-02,3.616586331332319326e-02,4.250000000000000305e-02,4.516894455915772960e-02,5.089252022245434326e-02,5.656588475825953533e-02,6.311866410707021868e-02,6.943360125025020702e-02,7.348216294914031166e-02,7.860002777123417661e-02
2.666058460588303838e-03,7.499999999999999722e-03,1.250000000000000069e-02,1.749999999999999820e-02,2.249999999999999917e-02,2.750000000000000014e-02,3.250000000000000111e-02,3.625736141837829218e-02,4.250000000000000305e-02,4.524714980146113397e-02,5.096368744738564993e-02,5.663190621857760315e-02,6.318157630473192343e-02,6.947888256780183902e-02,7.348149865720050855e-02,7.858385656490517179e-02
2.666058460588303838e-03,7.499999999999999722e-03,1.250000000000000069e-02,1.749999999999999820e-02,2.249999999999999917e-02,2.750000000000000014e-02,3.250000000000000111e-02,3.634846682258486422e-02,4.250000000000000305e-02,4.532503423112179547e-02,5.103456534880836115e-02,5.669766389899888459e-02,6.324262816885341254e-02,6.947971014477567764e-02,7.348552765875132620e-02,7.857654944204235659e-02
2.666058460588303838e-03,7.499999999999999722e-03,1.250000000000000069e-02,1.749999999999999820e-02,2.249999999999999917e-02,2.750000000000000014e-02,3.250000000000000111e-02,3.643917724208677045e-02,4.250000000000000305e-02,4.540259631896992332e-02,5.110515267642014997e-02,5.676315657115579144e-02,6.330339094408410361e-02,6.948537098363082032e-02,7.349370187109055541e-02,7.857624207970662078e-02
2.666058460588303838e-03,7.499999999999999722e-03,1.250000000000000069e-02,1.749999999999999820e-02,2.249999999999999917e-02,2.750000000000000014e-02,3.250000000000000111e-02,3.652950247584082349e-02,4.250000000000000305e-02,4.547984337799566151e-02,5.117545579166158515e-02,5.682838991635152937e-02,6.336401868456120745e-02,6.949414732699928099e-02,7.350560311309624340e-02,7.858200389343068804e-02
2.666058460588303838e-03,7.499999999999999722e-03,1.250000000000000069e-02,1.749999999999999820e-02,2.249999999999999917e-02,2.750000000000000014e-02,3.250000000000000111e-02,3.661944269612884412e-02,4.250000000000000305e-02,4.555677567587206045e-02,5.124547499509291698e-02,5.689336412689861844e-02,6.342451351280387062e-02,6.950574868770501014e-02,7.352086185765062398e-02,7.859304440673850478e-02
2.666058460588303838e-03,7.499999999999999722e-03,1.250000000000000069e-02,1.749999999999999820e-02,2.249999999999999917e-02,2.750000000000000014e-02,3.250000000000000111e-02,3.670899950216823665e-02,4.250000000000000305e-02,4.563339451261740065e-02,5.131521146511908854e-02,5.695808017977212895e-02,6.348487362723224947e-02,6.951995317984886735e-02,7.353915456737218637e-02,7.860870268310517217e-02
2.666058460588303838e-03,7.499999999999999722e-03,1.250000000000000069e-02,1.749999999999999820e-02,2.249999999999999917e-02,2.750000000000000014e-02,3.250000000000000111e-02,3.679818065188319998e-02,4.250000000000000305e-02,4.570970571581645103e-02,5.138467028056849933e-02,5.702254259652093232e-02,6.354510058783317816e-02,6.953656559683960015e-02,7.356019956726933540e-02,7.862842494611285704e-02
2.666058460588303838e-03,7.499999999999999722e-03,1.250000000000000069e-02,1.749999999999999820e-02,2.249999999999999917e-02,2.750000000000000014e-02,3.250000000000000111e-02,3.688700539929207906e-02,4.250000000000000305e-02,4.578572361656468859e-02,5.145386387477538653e-02,5.708676261119952078e-02,6.360520283570544886e-02,6.955541711839942354e-02,7.358375590208068862e-02,7.865175044603923971e-02
2.666058460588303838e-03,7.499999999999999722e-03,1.250000000000000069e-02,1.749999999999999820e-02,2.249999999999999917e-02,2.750000000000000014e-02,3.250000000000000111e-02,3.697546069513204386e-02,4.250000000000000305e-02,4.586143902095820429e-02,5.152278454097986016e-02,5.715073318402632413e-02,6.366516977751228434e-02,6.957633113913631873e-02,7.360958388537605646e-02,7.867825323365898460e-02
2.666058460588303838e-03,7.499999999999999722e-03,1.250000000000000069e-02,1.749999999999999820e-02,2.249999999999999917e-02,2.750000000000000014e-02,3.250000000000000111e-02,3.706350755608478487e-02,4.250000000000000305e-02,4.593682324522379429e-02,5.159140752037142535e-02,5.721443162147654693e-02,6.372340110709513727e-02,6.954762292458985251e-02,7.363746563342211948e-02,7.870751243768216165e-02
2.666058460588303838e-03,7.499999999999999722e-03,1.250000000000000069e-02,1.749999999999999820e-02,2.249999999999999917e-02,2.750000000000000014e-02,3.250000000000000111e-02,3.715122304398511821e-02,4.250000000000000305e-02,4.601193236970910205e-02,5.165978080455661120e-02,5.727790152704798771e-02,6.378127631781058127e-02,6.952679593779023670e-02,7.366727651599405680e-02,7.873881182551616120e-02
2.666058460588303838e-03,7.499999999999999722e-03,1.250000000000000069e-02,1.749999999999999820e-02,2.249999999999999917e-02,2.750000000000000014e-02,3.250000000000000111e-02,3.723854220419008793e-02,4.250000000000000305e-02,4.608671961417112189e-02,5.172786469297745854e-02,5.734110664541396812e-02,6.383896411469648646e-02,6.951143960363416474e-02,7.369877804337872373e-02,7.877188188596420670e-02
2.666058460588303838e-03,7.499999999999999722e-03,1.250000000000000069e-02,1.749999999999999820e-02,2.249999999999999917e-02,2.750000000000000014e-02,3.250000000000000111e-02,3.732549765089383104e-02,4.250000000000000305e-02,4.616120827583744535e-02,5.179567880936646745e-02,5.740406476018053428e-02,6.389649010780082405e-02,6.950102579849753992e-02,7.373186206605715498e-02,7.880661827595406010e-02
2.666058460588303838e-03,7.499999999999999722e-03,1.250000000000000069e-02,1.749999999999999820e-02,2.249999999999999917e-02,2.750000000000000014e-02,3.250000000000000111e-02,3.741209473670489144e-02,4.250000000000000305e-02,4.623540260962948761e-02,5.186322703297442660e-02,5.746677929346834246e-02,6.395385602134717740e-02,6.949509628335891198e-02,7.376639064839241033e-02,7.884286815640617618e-02
2.666058460588303838e-03,7.499999999999999722e-03,1.250000000000000069e-02,1.749999999999999820e-02,2.249999999999999917e-02,2.750000000000000014e-02,3.250000000000000111e-02,3.749833675781237552e-02,4.250000000000000305e-02,4.630930524495961015e-02,5.193051173586639424e-02,5.752925234602786209e-02,6.401106239394484254e-02,6.949325060554406575e-02,7.380224299078876060e-02,7.888050212527038252e-02
2.666058460588303838e-03,7.499999999999999722e-03,1.250000000000000069e-02,1.749999999999999820e-02,2.249999999999999917e-02,2.750000000000000014e-02,3.250000000000000111e-02,3.758422623039654048e-02,4.250000000000000305e-02,4.638291817346560514e-02,5.199753470216494922e-02,5.759148547169323090e-02,6.406810923738556762e-02,6.949513268967869029e-02,7.383930964354686044e-02,7.891940427941719627e-02
2.666058460588303838e-03,7.499999999999999722e-03,1.250000000000000069e-02,1.749999999999999820e-02,2.249999999999999917e-02,2.750000000000000014e-02,3.250000000000000111e-02,3.766976815316534083e-02,4.250000000000000305e-02,4.645624521657944206e-02,5.206429929158911535e-02,5.765348165945017450e-02,6.412499803690725753e-02,6.950042663568724299e-02,7.387749315551092599e-02,7.895947242197139115e-02
2.666058460588303838e-03,7.499999999999999722e-03,1.250000000000000069e-02,1.749999999999999820e-02,2.249999999999999917e-02,2.750000000000000014e-02,3.250000000000000111e-02,3.775496849783071401e-02,4.250000000000000305e-02,4.652929094303338842e-02,5.213080952421568492e-02,5.771524450588600558e-02,6.418173088376923074e-02,6.950885010756271964e-02,7.391670547870046737e-02,7.900061471703359595e-02
2.666058460588303838e-03,7.499999999999999722e-03,1.250000000000000069e-02,1.749999999999999820e-02,2.249999999999999917e-02,2.750000000000000014e-02,3.250000000000000111e-02,3.783983026171781200e-02,4.250000000000000305e-02,4.660205773054036660e-02,5.219706752994694027e-02,5.777677588652537638e-02,6.423830813523673244e-02,6.952014723812004193e-02,7.395686425468611658e-02,7.904274547248664462e-02
2.666058460588303838e-03,7.499999999999999722e-03,1.250000000000000069e-02,1.749999999999999820e-02,2.249999999999999917e-02,2.750000000000000014e-02,3.250000000000000111e-02,3.792435925566037952e-02,4.250000000000000305e-02,4.667455004948847103e-02,5.226307724430704488e-02,5.783807932230738968e-02,6.429473185466783036e-02,6.953408966945172354e-02,7.399789639842595246e-02,7.908578931052692718e-02
2.666058460588303838e-03,7.499999999999999722e-03,1.250000000000000069e-02,1.749999999999999820e-02,2.249999999999999917e-02,2.750000000000000014e-02,3.250000000000000111e-02,3.800855246434516055e-02,4.250000000000000305e-02,4.674676575780594562e-02,5.232883686705317589e-02,5.789915311178461810e-02,6.435099891420593965e-02,6.955046526418806607e-02,7.403972941331875279e-02,7.912967141536525473e-02
2.666058460588303838e-03,7.499999999999999722e-03,1.250000000000000069e-02,1.749999999999999820e-02,2.249999999999999917e-02,2.750000000000000014e-02,3.250000000000000111e-02,3.809241234903722184e-02,4.250000000000000305e-02,4.681870673177288000e-02,5.239434803332784774e-02,5.795999865903648379e-02,6.440710937483332121e-02,6.956908559192247210e-02,7.408230049105538062e-02,7.917432777761028440e-02
2.666058460588303838e-03,7.499999999999999722e-03,1.250000000000000069e-02,1.749999999999999820e-02,2.249999999999999917e-02,2.750000000000000014e-02,3.250000000000000111e-02,3.817594377487017188e-02,4.250000000000000305e-02,4.689037668950319510e-02,5.245961400560221477e-02,5.802061886336087881e-02,6.446306477886686037e-02,6.958978100146143153e-02,7.412555326329048344e-02,7.921970094679664509e-02
2.666058460588303838e-03,7.499999999999999722e-03,1.250000000000000069e-02,1.749999999999999820e-02,2.249999999999999917e-02,2.750000000000000014e-02,3.250000000000000111e-02,3.825914801568004037e-02,4.250000000000000305e-02,4.696177667484947166e-02,5.252463573632860927e-02,5.808101452780978918e-02,6.451886458918090761e-02,6.961239479474863601e-02,7.416943362665880113e-02,7.926573572034129045e-02
2.666058460588303838e-03,7.499999999999999722e-03,1.250000000000000069e-02,1.749999999999999820e-02,2.249999999999999917e-02,2.750000000000000014e-02,3.250000000000000111e-02,3.834202077227585187e-02,4.250000000000000305e-02,4.703290350369868783e-02,5.258941048045735062e-02,5.814118306666651859e-02,6.457450488972960034e-02,6.963677997116114737e-02,7.421388781166035620e-02,7.931237709031251082e-02
