# particle number concentration assuming water not removed from particles (#/cc (air)), with time changing with rows (corresponding times given in the time output file) and size bin changing with columns with size bin numbers given in the second row of the header
# 1, 2, 3, 4, 5, 6, 7, 8, 9, 10, 11, 12, 13, 14, 15, 16
0.000000000000000000e+00,0.000000000000000000e+00,0.000000000000000000e+00,0.000000000000000000e+00,0.000000000000000000e+00,0.000000000000000000e+00,0.000000000000000000e+00,0.000000000000000000e+00,0.000000000000000000e+00,0.000000000000000000e+00,0.000000000000000000e+00,0.000000000000000000e+00,0.000000000000000000e+00,0.000000000000000000e+00,0.000000000000000000e+00,0.000000000000000000e+00
0.000000000000000000e+00,0.000000000000000000e+00,0.000000000000000000e+00,0.000000000000000000e+00,0.000000000000000000e+00,0.000000000000000000e+00,0.000000000000000000e+00,0.000000000000000000e+00,0.000000000000000000e+00,0.000000000000000000e+00,0.000000000000000000e+00,0.000000000000000000e+00,0.000000000000000000e+00,0.000000000000000000e+00,0.000000000000000000e+00,0.000000000000000000e+00
0.000000000000000000e+00,0.000000000000000000e+00,0.000000000000000000e+00,0.000000000000000000e+00,0.000000000000000000e+00,0.000000000000000000e+00,0.000000000000000000e+00,0.000000000000000000e+00,0.000000000000000000e+00,0.000000000000000000e+00,0.000000000000000000e+00,0.000000000000000000e+00,0.000000000000000000e+00,0.000000000000000000e+00,0.000000000000000000e+00,0.000000000000000000e+00
0.000000000000000000e+00,0.000000000000000000e+00,0.000000000000000000e+00,0.000000000000000000e+00,0.000000000000000000e+00,0.000000000000000000e+00,0.000000000000000000e+00,0.000000000000000000e+00,0.000000000000000000e+00,0.000000000000000000e+00,0.000000000000000000e+00,0.000000000000000000e+00,0.000000000000000000e+00,0.000000000000000000e+00,0.000000000000000000e+00,0.000000000000000000e+00
0.000000000000000000e+00,0.000000000000000000e+00,0.000000000000000000e+00,0.000000000000000000e+00,0.000000000000000000e+00,0.000000000000000000e+00,0.000000000000000000e+00,0.000000000000000000e+00,0.000000000000000000e+00,0.000000000000000000e+00,0.000000000000000000e+00,0.000000000000000000e+00,0.000000000000000000e+00,0.000000000000000000e+00,0.000000000000000000e+00,0.000000000000000000e+00
0.000000000000000000e+00,0.000000000000000000e+00,0.000000000000000000e+00,0.000000000000000000e+00,0.000000000000000000e+00,0.000000000000000000e+00,0.000000000000000000e+00,0.000000000000000000e+00,0.000000000000000000e+00,0.000000000000000000e+00,0.000000000000000000e+00,0.000000000000000000e+00,0.000000000000000000e+00,0.000000000000000000e+00,0.000000000000000000e+00,0.000000000000000000e+00
0.000000000000000000e+00,0.000000000000000000e+00,0.000000000000000000e+00,0.000000000000000000e+00,0.000000000000000000e+00,0.000000000000000000e+00,0.000000000000000000e+00,0.000000000000000000e+00,0.000000000000000000e+00,0.000000000000000000e+00,0.000000000000000000e+00,0.000000000000000000e+00,0.000000000000000000e+00,0.000000000000000000e+00,0.000000000000000000e+00,0.000000000000000000e+00
0.000000000000000000e+00,0.000000000000000000e+00,0.000000000000000000e+00,0.000000000000000000e+00,0.000000000000000000e+00,0.000000000000000000e+00,0.000000000000000000e+00,0.000000000000000000e+00,0.000000000000000000e+00,0.000000000000000000e+00,0.000000000000000000e+00,0.000000000000000000e+00,0.000000000000000000e+00,0.000000000000000000e+00,0.000000000000000000e+00,0.000000000000000000e+00
0.000000000000000000e+00,0.000000000000000000e+00,0.000000000000000000e+00,0.000000000000000000e+00,0.000000000000000000e+00,0.000000000000000000e+00,0.000000000000000000e+00,0.000000000000000000e+00,0.000000000000000000e+00,0.000000000000000000e+00,0.000000000000000000e+00,0.000000000000000000e+00,0.000000000000000000e+00,0.000000000000000000e+00,0.000000000000000000e+00,0.000000000000000000e+00
0.000000000000000000e+00,0.000000000000000000e+00,0.000000000000000000e+00,0.000000000000000000e+00,0.000000000000000000e+00,0.000000000000000000e+00,0.000000000000000000e+00,0.000000000000000000e+00,0.000000000000000000e+00,0.000000000000000000e+00,0.000000000000000000e+00,0.000000000000000000e+00,0.000000000000000000e+00,0.000000000000000000e+00,0.000000000000000000e+00,0.000000000000000000e+00
0.000000000000000000e+00,0.000000000000000000e+00,0.000000000000000000e+00,0.000000000000000000e+00,0.000000000000000000e+00,0.000000000000000000e+00,0.000000000000000000e+00,0.000000000000000000e+00,0.000000000000000000e+00,0.000000000000000000e+00,0.000000000000000000e+00,0.000000000000000000e+00,0.000000000000000000e+00,0.000000000000000000e+00,0.000000000000000000e+00,0.000000000000000000e+00
7.033595629042453766e+03,0.000000000000000000e+00,0.000000000000000000e+00,0.000000000000000000e+00,0.000000000000000000e+00,0.000000000000000000e+00,0.000000000000000000e+00,0.000000000000000000e+00,0.000000000000000000e+00,0.000000000000000000e+00,0.000000000000000000e+00,0.000000000000000000e+00,0.000000000000000000e+00,0.000000000000000000e+00,0.000000000000000000e+00,0.000000000000000000e+00
1.195175730695468337e+04,1.000000000000000083e-30,1.000000000000000083e-30,1.000000000000000083e-30,1.000000000000000083e-30,1.000000000000000083e-30,1.000000000000000083e-30,1.000000000000000083e-30,1.000000000000000083e-30,1.000000000000000083e-30,1.000000000000000083e-30,1.000000000000000083e-30,1.000000000000000083e-30,1.000000000000000083e-30,1.000000000000000083e-30,1.000000000000000083e-30
1.527947292796890724e+04,1.000000000000000083e-30,1.000000000000000083e-30,1.000000000000000083e-30,1.000000000000000083e-30,1.000000000000000083e-30,1.000000000000000083e-30,1.000000000000000083e-30,1.000000000000000083e-30,1.000000000000000083e-30,1.000000000000000083e-30,1.000000000000000083e-30,1.000000000000000083e-30,1.000000000000000083e-30,1.000000000000000083e-30,1.000000000000000083e-30
1.696277463694965263e+04,1.000000000000000083e-30,1.000000000000000083e-30,1.000000000000000083e-30,1.000000000000000083e-30,1.000000000000000083e-30,1.000000000000000083e-30,1.000000000000000083e-30,1.000000000000000083e-30,1.000000000000000083e-30,1.000000000000000083e-30,1.000000000000000083e-30,1.000000000000000083e-30,1.000000000000000083e-30,1.000000000000000083e-30,1.000000000000000083e-30
1.758562501429458644e+04,1.000000000000000083e-30,1.000000000000000083e-30,1.000000000000000083e-30,1.000000000000000083e-30,1.000000000000000083e-30,1.000000000000000083e-30,1.000000000000000083e-30,1.000000000000000083e-30,1.000000000000000083e-30,1.000000000000000083e-30,1.000000000000000083e-30,1.000000000000000083e-30,1.000000000000000083e-30,1.000000000000000083e-30,1.000000000000000083e-30
1.764718715565262755e+04,1.000000000000000083e-30,1.000000000000000083e-30,1.000000000000000083e-30,1.000000000000000083e-30,1.000000000000000083e-30,1.000000000000000083e-30,1.000000000000000083e-30,1.000000000000000083e-30,1.000000000000000083e-30,1.000000000000000083e-30,1.000000000000000083e-30,1.000000000000000083e-30,1.000000000000000083e-30,1.000000000000000083e-30,1.000000000000000083e-30
1.743989202454673068e+04,1.000000000000000083e-30,1.000000000000000083e-30,1.000000000000000083e-30,1.000000000000000083e-30,1.000000000000000083e-30,1.000000000000000083e-30,1.000000000000000083e-30,1.000000000000000083e-30,1.000000000000000083e-30,1.000000000000000083e-30,1.000000000000000083e-30,1.000000000000000083e-30,1.000000000000000083e-30,1.000000000000000083e-30,1.000000000000000083e-30
1.711384803007825030e+04,1.000000000000000083e-30,1.000000000000000083e-30,1.000000000000000083e-30,1.000000000000000083e-30,1.000000000000000083e-30,1.000000000000000083e-30,1.000000000000000083e-30,1.000000000000000083e-30,1.000000000000000083e-30,1.000000000000000083e-30,1.000000000000000083e-30,1.000000000000000083e-30,1.000000000000000083e-30,1.000000000000000083e-30,1.000000000000000083e-30
1.674151907185942036e+04,1.000000000000000083e-30,1.000000000000000083e-30,1.000000000000000083e-30,1.000000000000000083e-30,1.000000000000000083e-30,1.000000000000000083e-30,1.000000000000000083e-30,1.000000000000000083e-30,1.000000000000000083e-30,1.000000000000000083e-30,1.000000000000000083e-30,1.000000000000000083e-30,1.000000000000000083e-30,1.000000000000000083e-30,1.000000000000000083e-30
1.632937360763331344e+04,1.000000000000000083e-30,1.000000000000000083e-30,1.000000000000000083e-30,1.000000000000000083e-30,1.000000000000000083e-30,1.000000000000000083e-30,1.000000000000000083e-30,1.000000000000000083e-30,1.000000000000000083e-30,1.000000000000000083e-30,1.000000000000000083e-30,1.000000000000000083e-30,1.000000000000000083e-30,1.000000000000000083e-30,1.000000000000000083e-30
1.593564189269048984e+04,1.000000000000000083e-30,1.000000000000000083e-30,1.000000000000000083e-30,1.000000000000000083e-30,1.000000000000000083e-30,1.000000000000000083e-30,1.000000000000000083e-30,1.000000000000000083e-30,1.000000000000000083e-30,1.000000000000000083e-30,1.000000000000000083e-30,1.000000000000000083e-30,1.000000000000000083e-30,1.000000000000000083e-30,1.000000000000000083e-30
1.555883011023310428e+04,1.000000000000000083e-30,1.000000000000000083e-30,1.000000000000000083e-30,1.000000000000000083e-30,1.000000000000000083e-30,1.000000000000000083e-30,1.000000000000000083e-30,1.000000000000000083e-30,1.000000000000000083e-30,1.000000000000000083e-30,1.000000000000000083e-30,1.000000000000000083e-30,1.000000000000000083e-30,1.000000000000000083e-30,1.000000000000000083e-30
1.519780787324597804e+04,1.000000000000000083e-30,1.000000000000000083e-30,1.000000000000000083e-30,1.000000000000000083e-30,1.000000000000000083e-30,1.000000000000000083e-30,1.000000000000000083e-30,1.000000000000000083e-30,1.000000000000000083e-30,1.000000000000000083e-30,1.000000000000000083e-30,1.000000000000000083e-30,1.000000000000000083e-30,1.000000000000000083e-30,1.000000000000000083e-30
1.485158878575627023e+04,1.000000000000000083e-30,1.000000000000000083e-30,1.000000000000000083e-30,1.000000000000000083e-30,1.000000000000000083e-30,1.000000000000000083e-30,1.000000000000000083e-30,1.000000000000000083e-30,1.000000000000000083e-30,1.000000000000000083e-30,1.000000000000000083e-30,1.000000000000000083e-30,1.000000000000000083e-30,1.000000000000000083e-30,1.000000000000000083e-30
1.452895067222948637e+04,2.883092904974744670e+03,2.746184783449886702e+00,2.973708536082536241e-08,1.000000000000000083e-30,1.000000000000000083e-30,1.000000000000000083e-30,1.000000000000000083e-30,1.000000000000000083e-30,1.000000000000000083e-30,1.000000000000000083e-30,1.000000000000000083e-30,1.000000000000000083e-30,1.000000000000000083e-30,1.000000000000000083e-30,1.000000000000000083e-30
1.418062559199999487e+04,2.869208189822732038e+03,5.410534440312267712e+00,2.967974907938861079e-08,1.000000000000000083e-30,1.000000000000000083e-30,1.000000000000000083e-30,1.000000000000000083e-30,1.000000000000000083e-30,1.000000000000000083e-30,1.000000000000000083e-30,1.000000000000000083e-30,1.000000000000000083e-30,1.000000000000000083e-30,1.000000000000000083e-30,1.000000000000000083e-30
1.385259906340901216e+04,2.855476980889614879e+03,8.034511101236638808e+00,2.962260052782447645e-08,1.000000000000000083e-30,1.000000000000000083e-30,1.000000000000000083e-30,1.000000000000000083e-30,1.000000000000000083e-30,1.000000000000000083e-30,1.000000000000000083e-30,1.000000000000000083e-30,1.000000000000000083e-30,1.000000000000000083e-30,1.000000000000000083e-30,1.000000000000000083e-30
1.353917413252835831e+04,2.841864540724949620e+03,1.062278966451086504e+01,2.956560638156512046e-08,1.000000000000000083e-30,1.000000000000000083e-30,1.000000000000000083e-30,1.000000000000000083e-30,1.000000000000000083e-30,1.000000000000000083e-30,1.000000000000000083e-30,1.000000000000000083e-30,1.000000000000000083e-30,1.000000000000000083e-30,1.000000000000000083e-30,1.000000000000000083e-30
1.323704376698296073e+04,2.828352992537198134e+03,1.317787484285344846e+01,2.950874765220099810e-08,1.000000000000000083e-30,1.000000000000000083e-30,1.000000000000000083e-30,1.000000000000000083e-30,1.000000000000000083e-30,1.000000000000000083e-30,1.000000000000000083e-30,1.000000000000000083e-30,1.000000000000000083e-30,1.000000000000000083e-30,1.000000000000000083e-30,1.000000000000000083e-30
1.294516689867073546e+04,2.814937626316243950e+03,1.570063762500046955e+01,2.945201696562497117e-08,1.000000000000000083e-30,1.000000000000000083e-30,1.000000000000000083e-30,1.000000000000000083e-30,1.000000000000000083e-30,1.000000000000000083e-30,1.000000000000000083e-30,1.000000000000000083e-30,1.000000000000000083e-30,1.000000000000000083e-30,1.000000000000000083e-30,1.000000000000000083e-30
1.266305236273226001e+04,2.801616591999370485e+03,1.819159313349647888e+01,2.939541065737455890e-08,1.000000000000000083e-30,1.000000000000000083e-30,1.000000000000000083e-30,1.000000000000000083e-30,1.000000000000000083e-30,1.000000000000000083e-30,1.000000000000000083e-30,1.000000000000000083e-30,1.000000000000000083e-30,1.000000000000000083e-30,1.000000000000000083e-30,1.000000000000000083e-30
1.239026326029277334e+04,2.788388204207833951e+03,2.065122898734212953e+01,2.933892610659051865e-08,1.000000000000000083e-30,1.000000000000000083e-30,1.000000000000000083e-30,1.000000000000000083e-30,1.000000000000000083e-30,1.000000000000000083e-30,1.000000000000000083e-30,1.000000000000000083e-30,1.000000000000000083e-30,1.000000000000000083e-30,1.000000000000000083e-30,1.000000000000000083e-30
1.212638816877049248e+04,2.775250900459211607e+03,2.308001104963552308e+01,2.928256141452840908e-08,1.000000000000000083e-30,1.000000000000000083e-30,1.000000000000000083e-30,1.000000000000000083e-30,1.000000000000000083e-30,1.000000000000000083e-30,1.000000000000000083e-30,1.000000000000000083e-30,1.000000000000000083e-30,1.000000000000000083e-30,1.000000000000000083e-30,1.000000000000000083e-30
1.187103861813379626e+04,2.762203221883591596e+03,2.547838630808472971e+01,2.922631514221656477e-08,1.000000000000000083e-30,1.000000000000000083e-30,1.000000000000000083e-30,1.000000000000000083e-30,1.000000000000000083e-30,1.000000000000000083e-30,1.000000000000000083e-30,1.000000000000000083e-30,1.000000000000000083e-30,1.000000000000000083e-30,1.000000000000000083e-30,1.000000000000000083e-30
1.162384730180791485e+04,2.749243797308668036e+03,2.784678525057917398e+01,2.917018614891655694e-08,1.000000000000000083e-30,1.000000000000000083e-30,1.000000000000000083e-30,1.000000000000000083e-30,1.000000000000000083e-30,1.000000000000000083e-30,1.000000000000000083e-30,1.000000000000000083e-30,1.000000000000000083e-30,1.000000000000000083e-30,1.000000000000000083e-30,1.000000000000000083e-30
1.138446655522440051e+04,2.736371332122674175e+03,3.018562360195151584e+01,2.911417349378389244e-08,1.000000000000000083e-30,1.000000000000000083e-30,1.000000000000000083e-30,1.000000000000000083e-30,1.000000000000000083e-30,1.000000000000000083e-30,1.000000000000000083e-30,1.000000000000000083e-30,1.000000000000000083e-30,1.000000000000000083e-30,1.000000000000000083e-30,1.000000000000000083e-30
1.115256700320928940e+04,2.723584599480037468e+03,3.249530370739683605e+01,2.905827637372578571e-08,1.000000000000000083e-30,1.000000000000000083e-30,1.000000000000000083e-30,1.000000000000000083e-30,1.000000000000000083e-30,1.000000000000000083e-30,1.000000000000000083e-30,1.000000000000000083e-30,1.000000000000000083e-30,1.000000000000000083e-30,1.000000000000000083e-30,1.000000000000000083e-30
1.092783631642243927e+04,2.710882433078206759e+03,3.477621575411642141e+01,2.900249408507461201e-08,1.000000000000000083e-30,1.000000000000000083e-30,1.000000000000000083e-30,1.000000000000000083e-30,1.000000000000000083e-30,1.000000000000000083e-30,1.000000000000000083e-30,1.000000000000000083e-30,1.000000000000000083e-30,1.000000000000000083e-30,1.000000000000000083e-30,1.000000000000000083e-30
1.070997810897898307e+04,2.698263721125822485e+03,3.702873872965329838e+01,2.894682599705625795e-08,1.000000000000000083e-30,1.000000000000000083e-30,1.000000000000000083e-30,1.000000000000000083e-30,1.000000000000000083e-30,1.000000000000000083e-30,1.000000000000000083e-30,1.000000000000000083e-30,1.000000000000000083e-30,1.000000000000000083e-30,1.000000000000000083e-30,1.000000000000000083e-30
1.049871093110389666e+04,2.685727401328580981e+03,3.925324126240300870e+01,2.889127153467996999e-08,1.000000000000000083e-30,1.000000000000000083e-30,1.000000000000000083e-30,1.000000000000000083e-30,1.000000000000000083e-30,1.000000000000000083e-30,1.000000000000000083e-30,1.000000000000000083e-30,1.000000000000000083e-30,1.000000000000000083e-30,1.000000000000000083e-30,1.000000000000000083e-30
1.029376736023917147e+04,2.673272456414656517e+03,4.145008238005360823e+01,2.883583016730173210e-08,1.000000000000000083e-30,1.000000000000000083e-30,1.000000000000000083e-30,1.000000000000000083e-30,1.000000000000000083e-30,1.000000000000000083e-30,1.000000000000000083e-30,1.000000000000000083e-30,1.000000000000000083e-30,1.000000000000000083e-30,1.000000000000000083e-30,1.000000000000000083e-30
1.009489317219432269e+04,2.660897910483055512e+03,4.361961214921308283e+01,2.878050140093088720e-08,1.000000000000000083e-30,1.000000000000000083e-30,1.000000000000000083e-30,1.000000000000000083e-30,1.000000000000000083e-30,1.000000000000000083e-30,1.000000000000000083e-30,1.000000000000000083e-30,1.000000000000000083e-30,1.000000000000000083e-30,1.000000000000000083e-30,1.000000000000000083e-30
