# particle radii (um) per size_bin (including water contribution to size), with size bins represented by columns and their number (starting from 1) given in second line of header, per time step which is represented by rows and corresponding times given in the time output file 
# 1, 2, 3, 4, 5, 6, 7, 8, 9, 10, 11, 12, 13, 14, 15, 16
3.125000000000000000e-02,9.375000000000000000e-02,1.562500000000000000e-01,2.187500000000000000e-01,2.812500000000000000e-01,3.437500000000000000e-01,4.062500000000000000e-01,4.687500000000000000e-01,5.312500000000000000e-01,5.937500000000000000e-01,6.562500000000000000e-01,7.187500000000000000e-01,7.812500000000000000e-01,8.437500000000000000e-01,9.062500000000000000e-01,9.687500000000000000e-01
3.125000000000000000e-02,9.375000000000000000e-02,1.562500000000000000e-01,2.187500000000000000e-01,2.812500000000000000e-01,3.437500000000000000e-01,4.062500000000000000e-01,4.687500000000000000e-01,5.312500000000000000e-01,5.937500000000000000e-01,6.562500000000000000e-01,7.187500000000000000e-01,7.812500000000000000e-01,8.437500000000000000e-01,9.062500000000000000e-01,9.687500000000000000e-01
3.125000000000000000e-02,9.375000000000000000e-02,1.562500000000000000e-01,2.187500000000000000e-01,2.812500000000000000e-01,3.437500000000000000e-01,4.062500000000000000e-01,4.687500000000000000e-01,5.312500000000000000e-01,5.937500000000000000e-01,6.562500000000000000e-01,7.187500000000000000e-01,7.812500000000000000e-01,8.437500000000000000e-01,9.062500000000000000e-01,9.687500000000000000e-01
3.125000000000000000e-02,9.375000000000000000e-02,1.562500000000000000e-01,2.187500000000000000e-01,2.812500000000000000e-01,3.437500000000000000e-01,4.062500000000000000e-01,4.687500000000000000e-01,5.312500000000000000e-01,5.937500000000000000e-01,6.562500000000000000e-01,7.187500000000000000e-01,7.812500000000000000e-01,8.437500000000000000e-01,9.062500000000000000e-01,9.687500000000000000e-01
3.125000000000000000e-02,9.375000000000000000e-02,1.562500000000000000e-01,2.187500000000000000e-01,2.812500000000000000e-01,3.437500000000000000e-01,4.062500000000000000e-01,4.687500000000000000e-01,5.312500000000000000e-01,5.937500000000000000e-01,6.562500000000000000e-01,7.187500000000000000e-01,7.812500000000000000e-01,8.437500000000000000e-01,9.062500000000000000e-01,9.687500000000000000e-01
3.125000000000000000e-02,9.375000000000000000e-02,1.562500000000000000e-01,2.187500000000000000e-01,2.812500000000000000e-01,3.437500000000000000e-01,4.062500000000000000e-01,4.687500000000000000e-01,5.312500000000000000e-01,5.937500000000000000e-01,6.562500000000000000e-01,7.187500000000000000e-01,7.812500000000000000e-01,8.437500000000000000e-01,9.062500000000000000e-01,9.687500000000000000e-01
3.125000000000000000e-02,9.375000000000000000e-02,1.562500000000000000e-01,2.187500000000000000e-01,2.812500000000000000e-01,3.437500000000000000e-01,4.062500000000000000e-01,4.687500000000000000e-01,5.312500000000000000e-01,5.937500000000000000e-01,6.562500000000000000e-01,7.187500000000000000e-01,7.812500000000000000e-01,8.437500000000000000e-01,9.062500000000000000e-01,9.687500000000000000e-01
3.125000000000000000e-02,9.375000000000000000e-02,1.562500000000000000e-01,2.187500000000000000e-01,2.812500000000000000e-01,3.437500000000000000e-01,4.062500000000000000e-01,4.687500000000000000e-01,5.312500000000000000e-01,5.937500000000000000e-01,6.562500000000000000e-01,7.187500000000000000e-01,7.812500000000000000e-01,8.437500000000000000e-01,9.062500000000000000e-01,9.687500000000000000e-01
3.125000000000000000e-02,9.375000000000000000e-02,1.562500000000000000e-01,2.187500000000000000e-01,2.812500000000000000e-01,3.437500000000000000e-01,4.062500000000000000e-01,4.687500000000000000e-01,5.312500000000000000e-01,5.937500000000000000e-01,6.562500000000000000e-01,7.187500000000000000e-01,7.812500000000000000e-01,8.437500000000000000e-01,9.062500000000000000e-01,9.687500000000000000e-01
3.125000000000000000e-02,9.375000000000000000e-02,1.562500000000000000e-01,2.187500000000000000e-01,2.812500000000000000e-01,3.437500000000000000e-01,4.062500000000000000e-01,4.687500000000000000e-01,5.312500000000000000e-01,5.937500000000000000e-01,6.562500000000000000e-01,7.187500000000000000e-01,7.812500000000000000e-01,8.437500000000000000e-01,9.062500000000000000e-01,9.687500000000000000e-01
3.125000000000000000e-02,9.375000000000000000e-02,1.562500000000000000e-01,2.187500000000000000e-01,2.812500000000000000e-01,3.437500000000000000e-01,4.062500000000000000e-01,4.687500000000000000e-01,5.312500000000000000e-01,5.937500000000000000e-01,6.562500000000000000e-01,7.187500000000000000e-01,7.812500000000000000e-01,8.437500000000000000e-01,9.062500000000000000e-01,9.687500000000000000e-01
2.000000000000000475e-03,9.375000000000000000e-02,1.562500000000000000e-01,2.187500000000000000e-01,2.812500000000000000e-01,3.437500000000000000e-01,4.062500000000000000e-01,4.687500000000000000e-01,5.312500000000000000e-01,5.937500000000000000e-01,6.562500000000000000e-01,7.187500000000000000e-01,7.812500000000000000e-01,8.437500000000000000e-01,9.062500000000000000e-01,9.687500000000000000e-01
6.904043539951392090e-03,9.375000000000000000e-02,1.562500000000000000e-01,2.187500000000000000e-01,2.812500000000000000e-01,3.437500000000000000e-01,4.062500000000000000e-01,4.687500000000000000e-01,5.312500000000000000e-01,5.937500000000000000e-01,6.562500000000000000e-01,7.187500000000000000e-01,7.812500000000000000e-01,8.437500000000000000e-01,9.062500000000000000e-01,9.687500000000000000e-01
1.879819395440465377e-02,9.375000000000000000e-02,1.562500000000000000e-01,2.187500000000000000e-01,2.812500000000000000e-01,3.437500000000000000e-01,4.062500000000000000e-01,4.687500000000000000e-01,5.312500000000000000e-01,5.937500000000000000e-01,6.562500000000000000e-01,7.187500000000000000e-01,7.812500000000000000e-01,8.437500000000000000e-01,9.062500000000000000e-01,9.687500000000000000e-01
2.509485375022970505e-02,9.375000000000000000e-02,1.562500000000000000e-01,2.187500000000000000e-01,2.812500000000000000e-01,3.437500000000000000e-01,4.062500000000000000e-01,4.687500000000000000e-01,5.312500000000000000e-01,5.937500000000000000e-01,6.562500000000000000e-01,7.187500000000000000e-01,7.812500000000000000e-01,8.437500000000000000e-01,9.062500000000000000e-01,9.687500000000000000e-01
2.711527164566102446e-02,9.375000000000000000e-02,1.562500000000000000e-01,2.187500000000000000e-01,2.812500000000000000e-01,3.437500000000000000e-01,4.062500000000000000e-01,4.687500000000000000e-01,5.312500000000000000e-01,5.937500000000000000e-01,6.562500000000000000e-01,7.187500000000000000e-01,7.812500000000000000e-01,8.437500000000000000e-01,9.062500000000000000e-01,9.687500000000000000e-01
2.844530853984382490e-02,9.375000000000000000e-02,1.562500000000000000e-01,2.187500000000000000e-01,2.812500000000000000e-01,3.437500000000000000e-01,4.062500000000000000e-01,4.687500000000000000e-01,5.312500000000000000e-01,5.937500000000000000e-01,6.562500000000000000e-01,7.187500000000000000e-01,7.812500000000000000e-01,8.437500000000000000e-01,9.062500000000000000e-01,9.687500000000000000e-01
2.943355815067791315e-02,9.375000000000000000e-02,1.562500000000000000e-01,2.187500000000000000e-01,2.812500000000000000e-01,3.437500000000000000e-01,4.062500000000000000e-01,4.687500000000000000e-01,5.312500000000000000e-01,5.937500000000000000e-01,6.562500000000000000e-01,7.187500000000000000e-01,7.812500000000000000e-01,8.437500000000000000e-01,9.062500000000000000e-01,9.687500000000000000e-01
3.015128987343200853e-02,9.375000000000000000e-02,1.562500000000000000e-01,2.187500000000000000e-01,2.812500000000000000e-01,3.437500000000000000e-01,4.062500000000000000e-01,4.687500000000000000e-01,5.312500000000000000e-01,5.937500000000000000e-01,6.562500000000000000e-01,7.187500000000000000e-01,7.812500000000000000e-01,8.437500000000000000e-01,9.062500000000000000e-01,9.687500000000000000e-01
3.064914207284514386e-02,9.375000000000000000e-02,1.562500000000000000e-01,2.187500000000000000e-01,2.812500000000000000e-01,3.437500000000000000e-01,4.062500000000000000e-01,4.687500000000000000e-01,5.312500000000000000e-01,5.937500000000000000e-01,6.562500000000000000e-01,7.187500000000000000e-01,7.812500000000000000e-01,8.437500000000000000e-01,9.062500000000000000e-01,9.687500000000000000e-01
3.099823473252093925e-02,9.375000000000000000e-02,1.562500000000000000e-01,2.187500000000000000e-01,2.812500000000000000e-01,3.437500000000000000e-01,4.062500000000000000e-01,4.687500000000000000e-01,5.312500000000000000e-01,5.937500000000000000e-01,6.562500000000000000e-01,7.187500000000000000e-01,7.812500000000000000e-01,8.437500000000000000e-01,9.062500000000000000e-01,9.687500000000000000e-01
3.123815638016563812e-02,9.375000000000000000e-02,1.562500000000000000e-01,2.187500000000000000e-01,2.812500000000000000e-01,3.437500000000000000e-01,4.062500000000000000e-01,4.687500000000000000e-01,5.312500000000000000e-01,5.937500000000000000e-01,6.562500000000000000e-01,7.187500000000000000e-01,7.812500000000000000e-01,8.437500000000000000e-01,9.062500000000000000e-01,9.687500000000000000e-01
3.143426136764499584e-02,9.375000000000000000e-02,1.562500000000000000e-01,2.187500000000000000e-01,2.812500000000000000e-01,3.437500000000000000e-01,4.062500000000000000e-01,4.687500000000000000e-01,5.312500000000000000e-01,5.937500000000000000e-01,6.562500000000000000e-01,7.187500000000000000e-01,7.812500000000000000e-01,8.437500000000000000e-01,9.062500000000000000e-01,9.687500000000000000e-01
3.161838514865884103e-02,9.375000000000000000e-02,1.562500000000000000e-01,2.187500000000000000e-01,2.812500000000000000e-01,3.437500000000000000e-01,4.062500000000000000e-01,4.687500000000000000e-01,5.312500000000000000e-01,5.937500000000000000e-01,6.562500000000000000e-01,7.187500000000000000e-01,7.812500000000000000e-01,8.437500000000000000e-01,9.062500000000000000e-01,9.687500000000000000e-01
3.179775816581219966e-02,9.375000000000000000e-02,1.562500000000000000e-01,2.187500000000000000e-01,2.812500000000000000e-01,3.437500000000000000e-01,4.062500000000000000e-01,4.687500000000000000e-01,5.312500000000000000e-01,5.937500000000000000e-01,6.562500000000000000e-01,7.187500000000000000e-01,7.812500000000000000e-01,8.437500000000000000e-01,9.062500000000000000e-01,9.687500000000000000e-01
3.458206711552366114e-02,1.065704711475484734e-01,1.349831035277106461e-01,2.201095605901101648e-01,2.812500000000000000e-01,3.437500000000000000e-01,4.062500000000000000e-01,4.687500000000000000e-01,5.312500000000000000e-01,5.937500000000000000e-01,6.562500000000000000e-01,7.187500000000000000e-01,7.812500000000000000e-01,8.437500000000000000e-01,9.062500000000000000e-01,9.687500000000000000e-01
3.649696674853684236e-02,1.076734624104841581e-01,1.358228053695220705e-01,2.210016552431539882e-01,2.812500000000000000e-01,3.437500000000000000e-01,4.062500000000000000e-01,4.687500000000000000e-01,5.312500000000000000e-01,5.937500000000000000e-01,6.562500000000000000e-01,7.187500000000000000e-01,7.812500000000000000e-01,8.437500000000000000e-01,9.062500000000000000e-01,9.687500000000000000e-01
3.773595722991270746e-02,1.085659228874556875e-01,1.367903501974421510e-01,2.219447898301570299e-01,2.812500000000000000e-01,3.437500000000000000e-01,4.062500000000000000e-01,4.687500000000000000e-01,5.312500000000000000e-01,5.937500000000000000e-01,6.562500000000000000e-01,7.187500000000000000e-01,7.812500000000000000e-01,8.437500000000000000e-01,9.062500000000000000e-01,9.687500000000000000e-01
3.824847013709590376e-02,1.090170127460168975e-01,1.373349398453508341e-01,2.224984437230859424e-01,2.812500000000000000e-01,3.437500000000000000e-01,4.062500000000000000e-01,4.687500000000000000e-01,5.312500000000000000e-01,5.937500000000000000e-01,6.562500000000000000e-01,7.187500000000000000e-01,7.812500000000000000e-01,8.437500000000000000e-01,9.062500000000000000e-01,9.687500000000000000e-01
3.830771350228249356e-02,1.092391275690716562e-01,1.376442311576698552e-01,2.228203648534386738e-01,2.812500000000000000e-01,3.437500000000000000e-01,4.062500000000000000e-01,4.687500000000000000e-01,5.312500000000000000e-01,5.937500000000000000e-01,6.562500000000000000e-01,7.187500000000000000e-01,7.812500000000000000e-01,8.437500000000000000e-01,9.062500000000000000e-01,9.687500000000000000e-01
3.827634212012068909e-02,1.094093914727093664e-01,1.378872995347477093e-01,2.230545077889977412e-01,2.812500000000000000e-01,3.437500000000000000e-01,4.062500000000000000e-01,4.687500000000000000e-01,5.312500000000000000e-01,5.937500000000000000e-01,6.562500000000000000e-01,7.187500000000000000e-01,7.812500000000000000e-01,8.437500000000000000e-01,9.062500000000000000e-01,9.687500000000000000e-01
3.824572442058066929e-02,1.095666807749253596e-01,1.381064195547195284e-01,2.232476585438527561e-01,2.812500000000000000e-01,3.437500000000000000e-01,4.062500000000000000e-01,4.687500000000000000e-01,5.312500000000000000e-01,5.937500000000000000e-01,6.562500000000000000e-01,7.187500000000000000e-01,7.812500000000000000e-01,8.437500000000000000e-01,9.062500000000000000e-01,9.687500000000000000e-01
3.822072691312546067e-02,1.097127772048087785e-01,1.383072123197383319e-01,2.234125231332743933e-01,2.812500000000000000e-01,3.437500000000000000e-01,4.062500000000000000e-01,4.687500000000000000e-01,5.312500000000000000e-01,5.937500000000000000e-01,6.562500000000000000e-01,7.187500000000000000e-01,7.812500000000000000e-01,8.437500000000000000e-01,9.062500000000000000e-01,9.687500000000000000e-01
3.820136061362838092e-02,1.098489413161472389e-01,1.384931429262816482e-01,2.235576782414909203e-01,2.812500000000000000e-01,3.437500000000000000e-01,4.062500000000000000e-01,4.687500000000000000e-01,5.312500000000000000e-01,5.937500000000000000e-01,6.562500000000000000e-01,7.187500000000000000e-01,7.812500000000000000e-01,8.437500000000000000e-01,9.062500000000000000e-01,9.687500000000000000e-01
3.818747806294574276e-02,1.099762197211944098e-01,1.386666101984622423e-01,2.236885785819209826e-01,2.812500000000000000e-01,3.437500000000000000e-01,4.062500000000000000e-01,4.687500000000000000e-01,5.312500000000000000e-01,5.937500000000000000e-01,6.562500000000000000e-01,7.187500000000000000e-01,7.812500000000000000e-01,8.437500000000000000e-01,9.062500000000000000e-01,9.687500000000000000e-01
3.817888075936977377e-02,1.100954806696447519e-01,1.388293653153502283e-01,2.238087565576096782e-01,2.812500000000000000e-01,3.437500000000000000e-01,4.062500000000000000e-01,4.687500000000000000e-01,5.312500000000000000e-01,5.937500000000000000e-01,6.562500000000000000e-01,7.187500000000000000e-01,7.812500000000000000e-01,8.437500000000000000e-01,9.062500000000000000e-01,9.687500000000000000e-01
3.817534518899404899e-02,1.102074733651633304e-01,1.389827619182933127e-01,2.239205706430678622e-01,2.812500000000000000e-01,3.437500000000000000e-01,4.062500000000000000e-01,4.687500000000000000e-01,5.312500000000000000e-01,5.937500000000000000e-01,6.562500000000000000e-01,7.187500000000000000e-01,7.812500000000000000e-01,8.437500000000000000e-01,9.062500000000000000e-01,9.687500000000000000e-01
3.817663261310724060e-02,1.103128549652692553e-01,1.391278358520380565e-01,2.240256362318018557e-01,2.812500000000000000e-01,3.437500000000000000e-01,4.062500000000000000e-01,4.687500000000000000e-01,5.312500000000000000e-01,5.937500000000000000e-01,6.562500000000000000e-01,7.187500000000000000e-01,7.812500000000000000e-01,8.437500000000000000e-01,9.062500000000000000e-01,9.687500000000000000e-01
3.818248910003284313e-02,1.104122080689733248e-01,1.392655676811386800e-01,2.241251121529692636e-01,2.812500000000000000e-01,3.437500000000000000e-01,4.062500000000000000e-01,4.687500000000000000e-01,5.312500000000000000e-01,5.937500000000000000e-01,6.562500000000000000e-01,7.187500000000000000e-01,7.812500000000000000e-01,8.437500000000000000e-01,9.062500000000000000e-01,9.687500000000000000e-01
3.819265556634527520e-02,1.105060536998647563e-01,1.393966977558002973e-01,2.242198411960225068e-01,2.812500000000000000e-01,3.437500000000000000e-01,4.062500000000000000e-01,4.687500000000000000e-01,5.312500000000000000e-01,5.937500000000000000e-01,6.562500000000000000e-01,7.187500000000000000e-01,7.812500000000000000e-01,8.437500000000000000e-01,9.062500000000000000e-01,9.687500000000000000e-01
3.820687060595365919e-02,1.105948627421477759e-01,1.395218585462649763e-01,2.243104640773680714e-01,2.812500000000000000e-01,3.437500000000000000e-01,4.062500000000000000e-01,4.687500000000000000e-01,5.312500000000000000e-01,5.937500000000000000e-01,6.562500000000000000e-01,7.187500000000000000e-01,7.812500000000000000e-01,8.437500000000000000e-01,9.062500000000000000e-01,9.687500000000000000e-01
3.822487640133736403e-02,1.106790608631968570e-01,1.396416138346619484e-01,2.243974877078003249e-01,2.812500000000000000e-01,3.437500000000000000e-01,4.062500000000000000e-01,4.687500000000000000e-01,5.312500000000000000e-01,5.937500000000000000e-01,6.562500000000000000e-01,7.187500000000000000e-01,7.812500000000000000e-01,8.437500000000000000e-01,9.062500000000000000e-01,9.687500000000000000e-01
3.824642285356472104e-02,1.107590382876892515e-01,1.397564715670215341e-01,2.244813303739126575e-01,2.812500000000000000e-01,3.437500000000000000e-01,4.062500000000000000e-01,4.687500000000000000e-01,5.312500000000000000e-01,5.937500000000000000e-01,6.562500000000000000e-01,7.187500000000000000e-01,7.812500000000000000e-01,8.437500000000000000e-01,9.062500000000000000e-01,9.687500000000000000e-01
