# particle number concentration assuming water not removed from particles (#/cc (air)), with time changing with rows (corresponding times given in the time output file) and size bin changing with columns with size bin numbers given in the second row of the header
# 1, 2
0.000000000000000000e+00,0.000000000000000000e+00
0.000000000000000000e+00,0.000000000000000000e+00
0.000000000000000000e+00,0.000000000000000000e+00
0.000000000000000000e+00,0.000000000000000000e+00
0.000000000000000000e+00,0.000000000000000000e+00
0.000000000000000000e+00,0.000000000000000000e+00
1.814331014028219258e+01,0.000000000000000000e+00
1.495443111168314658e+02,1.000000000000000083e-30
6.777239806914317342e+02,1.000000000000000083e-30
2.000240455056833071e+03,1.000000000000000083e-30
4.340864185235967852e+03,1.000000000000000083e-30
7.555889952819191421e+03,1.000000000000000083e-30
1.122677877887808063e+04,1.000000000000000083e-30
1.488811786966334876e+04,1.000000000000000083e-30
1.819392983068142348e+04,1.000000000000000083e-30
2.096447470258399335e+04,1.000000000000000083e-30
2.315651933174723308e+04,1.000000000000000083e-30
2.481081730413927289e+04,1.000000000000000083e-30
2.600686416418823501e+04,1.000000000000000083e-30
2.683344527598549394e+04,1.000000000000000083e-30
2.737304114044173184e+04,1.000000000000000083e-30
2.769545202926728234e+04,1.000000000000000083e-30
2.785657884962238677e+04,1.000000000000000083e-30
2.789964369302244449e+04,1.000000000000000083e-30
2.785729138155439068e+04,1.000000000000000083e-30
2.775378495178723824e+04,1.000000000000000083e-30
2.760695590329539482e+04,1.000000000000000083e-30
2.742980396918019687e+04,1.000000000000000083e-30
2.723175042311875950e+04,1.000000000000000083e-30
2.701959238695676322e+04,1.000000000000000083e-30
2.679821588966867785e+04,1.000000000000000083e-30
2.657112191161669762e+04,1.000000000000000083e-30
2.634081114701919432e+04,1.000000000000000083e-30
2.610906372007029859e+04,1.000000000000000083e-30
2.587714174058649223e+04,1.000000000000000083e-30
2.564593520246919434e+04,1.000000000000000083e-30
2.541606749277638664e+04,1.000000000000000083e-30
2.518797088463103137e+04,1.000000000000000083e-30
2.496194101005171979e+04,1.000000000000000083e-30
2.473817575906232742e+04,1.000000000000000083e-30
2.451680332279266077e+04,1.000000000000000083e-30
2.429711948134117483e+04,1.000000000000000083e-30
2.408152517074865682e+04,1.000000000000000083e-30
2.386726919269651626e+04,1.000000000000000083e-30
2.365566518988178359e+04,1.000000000000000083e-30
2.344666753297416653e+04,1.000000000000000083e-30
2.324127558556436270e+04,1.000000000000000083e-30
2.303734513090514884e+04,1.000000000000000083e-30
2.283589016591863401e+04,1.000000000000000083e-30
2.263686888791042293e+04,1.000000000000000083e-30
2.244024037552726804e+04,1.000000000000000083e-30
2.224596457549803381e+04,1.000000000000000083e-30
2.205400230763093714e+04,1.000000000000000083e-30
2.186431525182917176e+04,1.000000000000000083e-30
2.167686589583902241e+04,1.000000000000000083e-30
2.149161751760184052e+04,1.000000000000000083e-30
2.130853417163149425e+04,1.000000000000000083e-30
2.112758067216847485e+04,1.000000000000000083e-30
2.094872257288802939e+04,1.000000000000000083e-30
2.077192614895406950e+04,1.000000000000000083e-30
2.059715837933040166e+04,1.000000000000000083e-30
