# particle radii (um) per size_bin (including water contribution to size), with size bins represented by columns and their number (starting from 1) given in second line of header, per time step which is represented by rows and corresponding times given in the time output file 
# 1, 2
2.000000000000000042e-02,5.999999999999999778e-02
2.000000000000000042e-02,5.999999999999999778e-02
2.000000000000000042e-02,5.999999999999999778e-02
2.000000000000000042e-02,5.999999999999999778e-02
2.000000000000000042e-02,5.999999999999999778e-02
2.000000000000000042e-02,5.999999999999999778e-02
2.000000000000000475e-03,5.999999999999999778e-02
2.338991411574110196e-03,6.349604207872794359e+04
2.791537404390465309e-03,6.349604207872794359e+04
3.461166107727995690e-03,6.349604207872794359e+04
4.380120481170630617e-03,6.349604207872794359e+04
5.533860119461944498e-03,6.349604207872794359e+04
6.855723244980378196e-03,6.349604207872794359e+04
8.239577477767632413e-03,6.349604207872794359e+04
9.554732200493236405e-03,6.349604207872794359e+04
1.068916578051789211e-02,6.349604207872794359e+04
1.158462130234367247e-02,6.349604207872794359e+04
1.224359481259305188e-02,6.349604207872794359e+04
1.271533107150591910e-02,6.349604207872794359e+04
1.305762398724996491e-02,6.349604207872794359e+04
1.332053608626896854e-02,6.349604207872794359e+04
1.353813376875554440e-02,6.349604207872794359e+04
1.373106237791249691e-02,6.349604207872794359e+04
1.391084112358590211e-02,6.349604207872794359e+04
1.408326437058661854e-02,6.349604207872794359e+04
1.425086875695335924e-02,6.349604207872794359e+04
1.441466738487703382e-02,6.349604207872794359e+04
1.457508349413250831e-02,6.349604207872794359e+04
1.473201825637030643e-02,6.349604207872794359e+04
1.488545143362943017e-02,6.349604207872794359e+04
1.503545244128879840e-02,6.349604207872794359e+04
1.518206249413788303e-02,6.349604207872794359e+04
1.532536032298041292e-02,6.349604207872794359e+04
1.546546345729887285e-02,6.349604207872794359e+04
1.560265941896306699e-02,6.349604207872794359e+04
1.573680062559645876e-02,6.349604207872794359e+04
1.586827231857369097e-02,6.349604207872794359e+04
1.599713048348768568e-02,6.349604207872794359e+04
1.612365031755035732e-02,6.349604207872794359e+04
1.624791668883035500e-02,6.349604207872794359e+04
1.637012728636137726e-02,6.349604207872794359e+04
1.649056145370304469e-02,6.349604207872794359e+04
1.660880310514049538e-02,6.349604207872794359e+04
1.672559621895652882e-02,6.349604207872794359e+04
1.684075379563415922e-02,6.349604207872794359e+04
1.695438309806712382e-02,6.349604207872794359e+04
1.706632902760909717e-02,6.349604207872794359e+04
1.717719778417377621e-02,6.349604207872794359e+04
1.728681667618958695e-02,6.349604207872794359e+04
1.739529388547326680e-02,6.349604207872794359e+04
1.750266921197380504e-02,6.349604207872794359e+04
1.760898848095842489e-02,6.349604207872794359e+04
1.771433408522938083e-02,6.349604207872794359e+04
1.781879699832234626e-02,6.349604207872794359e+04
1.792241225629881765e-02,6.349604207872794359e+04
1.802521417855414837e-02,6.349604207872794359e+04
1.812724312231011117e-02,6.349604207872794359e+04
1.822854008611639667e-02,6.349604207872794359e+04
1.832914061118226870e-02,6.349604207872794359e+04
1.842907812547718571e-02,6.349604207872794359e+04
1.852838391512203267e-02,6.349604207872794359e+04
