# particle number concentration assuming water not removed from particles (#/cc (air)), with time changing with rows (corresponding times given in the time output file) and size bin changing with columns with size bin numbers given in the second row of the header
# 1, 2
1.000000000000000000e+04,9.999999999999999293e-41
9.910534528602182036e+03,1.000000000000000083e-30
9.822099247353478859e+03,1.000000000000000083e-30
9.734678800756068085e+03,1.000000000000000083e-30
9.648258159853872712e+03,1.000000000000000083e-30
9.562822575198591949e+03,1.000000000000000083e-30
9.478357570116093484e+03,1.000000000000000083e-30
9.394848934422154343e+03,1.000000000000000083e-30
9.312282718236800065e+03,1.000000000000000083e-30
9.230645226050079145e+03,1.000000000000000083e-30
9.149923010981183324e+03,1.000000000000000083e-30
9.070102869218902924e+03,1.000000000000000083e-30
8.991171834656626743e+03,1.000000000000000083e-30
8.913117173598253430e+03,1.000000000000000083e-30
8.835926379718719545e+03,1.000000000000000083e-30
8.759587169124570210e+03,1.000000000000000083e-30
8.684087475553164040e+03,1.000000000000000083e-30
8.609415445701622957e+03,1.000000000000000083e-30
8.535559434680564664e+03,1.000000000000000083e-30
8.462508001587495528e+03,1.000000000000000083e-30
8.390249905195230895e+03,1.000000000000000083e-30
8.318774099751006361e+03,1.000000000000000083e-30
8.248069730882330987e+03,1.000000000000000083e-30
8.178126131605862611e+03,1.000000000000000083e-30
8.108932818435839181e+03,1.000000000000000083e-30
8.040479487588834672e+03,1.000000000000000083e-30
7.972756011281819156e+03,1.000000000000000083e-30
7.905752434120471662e+03,1.000000000000000083e-30
7.839458969575145602e+03,1.000000000000000083e-30
7.773865996541794630e+03,1.000000000000000083e-30
7.708964055985349660e+03,1.000000000000000083e-30
7.644743847663120505e+03,1.000000000000000083e-30
7.581196226926297641e+03,1.000000000000000083e-30
7.518312201596718296e+03,1.000000000000000083e-30
7.456082928917205209e+03,1.000000000000000083e-30
7.394499712573348006e+03,1.000000000000000083e-30
7.333553999784746338e+03,1.000000000000000083e-30
7.273237378463836649e+03,1.000000000000000083e-30
7.213541574440461773e+03,1.000000000000000083e-30
7.154458448753687662e+03,1.000000000000000083e-30
7.095979994995478592e+03,1.000000000000000083e-30
7.038098336726093294e+03,1.000000000000000083e-30
6.980805724944540998e+03,1.000000000000000083e-30
6.924094535615968198e+03,1.000000000000000083e-30
6.867957267256666455e+03,1.000000000000000083e-30
6.812386538571872734e+03,1.000000000000000083e-30
6.757375086147232651e+03,1.000000000000000083e-30
6.702915762192001239e+03,1.000000000000000083e-30
6.649001532332616080e+03,1.000000000000000083e-30
6.595625473455388601e+03,1.000000000000000083e-30
6.542780771597038438e+03,1.000000000000000083e-30
6.490460719882416925e+03,1.000000000000000083e-30
6.438658716505857228e+03,1.000000000000000083e-30
6.387368262758820492e+03,1.000000000000000083e-30
6.336582961100046305e+03,1.000000000000000083e-30
6.286296513267788214e+03,1.000000000000000083e-30
6.236502718433114751e+03,1.000000000000000083e-30
6.187195471393256412e+03,1.000000000000000083e-30
6.138368760803989062e+03,1.000000000000000083e-30
6.090016667450103341e+03,1.000000000000000083e-30
6.042133362553027837e+03,1.000000000000000083e-30
