# particle radii (um) per size_bin (including water contribution to size), with size bins represented by columns and their number (starting from 1) given in second line of header, per time step which is represented by rows and corresponding times given in the time output file 
# 1, 2
3.017065575957912138e+00,7.937005259840990417e+06
3.019216321007957671e+00,7.937005259840990417e+06
3.022481726113285028e+00,7.937005259840990417e+06
3.025730416605467266e+00,7.937005259840990417e+06
3.028960136080704135e+00,7.937005259840990417e+06
3.032170892644512339e+00,7.937005259840990417e+06
3.035362719414522292e+00,7.937005259840990417e+06
3.038535659423310165e+00,7.937005259840990417e+06
3.041689770620441546e+00,7.937005259840990417e+06
3.044825121187829886e+00,7.937005259840990417e+06
3.047941787741365705e+00,7.937005259840990417e+06
3.051039853771368104e+00,7.937005259840990417e+06
3.054119406665749104e+00,7.937005259840990417e+06
3.057180542590572703e+00,7.937005259840990417e+06
3.060223358743929367e+00,7.937005259840990417e+06
3.063247955426154245e+00,7.937005259840990417e+06
3.066254435269201384e+00,7.937005259840990417e+06
3.069242902752221003e+00,7.937005259840990417e+06
3.072213463760817831e+00,7.937005259840990417e+06
3.075166225218514793e+00,7.937005259840990417e+06
3.078101294779911346e+00,7.937005259840990417e+06
3.081018780574343197e+00,7.937005259840990417e+06
3.083918790992694614e+00,7.937005259840990417e+06
3.086801434509754305e+00,7.937005259840990417e+06
3.089666819537129516e+00,7.937005259840990417e+06
3.092515054301377742e+00,7.937005259840990417e+06
3.095346246736300877e+00,7.937005259840990417e+06
3.098160504408653537e+00,7.937005259840990417e+06
3.100957934443973940e+00,7.937005259840990417e+06
3.103738643471801950e+00,7.937005259840990417e+06
3.106502737580516538e+00,7.937005259840990417e+06
3.109250322287085755e+00,7.937005259840990417e+06
3.111981502477480621e+00,7.937005259840990417e+06
3.114696382411693776e+00,7.937005259840990417e+06
3.117395065696479506e+00,7.937005259840990417e+06
3.120077655269443806e+00,7.937005259840990417e+06
3.122744253388676228e+00,7.937005259840990417e+06
3.125394961624752277e+00,7.937005259840990417e+06
3.128029880854669820e+00,7.937005259840990417e+06
3.130649110920745049e+00,7.937005259840990417e+06
3.133252751693653693e+00,7.937005259840990417e+06
3.135840901952027693e+00,7.937005259840990417e+06
3.138413659774534459e+00,7.937005259840990417e+06
3.140971122601456500e+00,7.937005259840990417e+06
3.143513387057248476e+00,7.937005259840990417e+06
3.146040549135566966e+00,7.937005259840990417e+06
3.148552704143731340e+00,7.937005259840990417e+06
3.151049946705632987e+00,7.937005259840990417e+06
3.153532370767041293e+00,7.937005259840990417e+06
3.156000069599834479e+00,7.937005259840990417e+06
3.158453135806908119e+00,7.937005259840990417e+06
3.160891661259138452e+00,7.937005259840990417e+06
3.163315737324767785e+00,7.937005259840990417e+06
3.165725454633715241e+00,7.937005259840990417e+06
3.168120903166121938e+00,7.937005259840990417e+06
3.170502172259221929e+00,7.937005259840990417e+06
3.172869350614060391e+00,7.937005259840990417e+06
3.175222526299547710e+00,7.937005259840990417e+06
3.177561786758816176e+00,7.937005259840990417e+06
3.179887218814778205e+00,7.937005259840990417e+06
3.182198908674719551e+00,7.937005259840990417e+06
